0.00000000099999999978 0.00000000099999999978 0.00000000099999999978 0.00000000099999999978 0.00000000099999999978 0.00000000099999999978 0.99999999299999986491 0.00000000099999999978 
0.00000000099999999979 0.00000000099999999979 0.00000000099999999979 0.00000000099999999979 0.36426256856259192629 0.00000001409709260180 0.63573741234031544423 0.00000000099999999979 
0.00000000099999999969 0.00000000099999999969 0.00000000099999999969 0.00000000099999999969 0.00000000099999999969 0.99999999300000008695 0.00000000099999999969 0.00000000099999999969 
0.02020145966471609267 0.00000000099999999988 0.00000000099999999988 0.01147061107649025372 0.43070014353432078957 0.00000000099999999988 0.53762778172447289737 0.00000000099999999988 
0.00000000099999999974 0.00000000099999999974 0.00000000099999999974 0.00000000099999999974 0.00000000099999999974 0.00000000099999999974 0.00000000099999999974 0.99999999299999997593 
0.00000000099999999972 0.00000000099999999972 0.00000000099999999972 0.00000000099999999972 0.99999999300000008695 0.00000000099999999972 0.00000000099999999972 0.00000000099999999972 
0.00000000099999999983 0.00000000099999999983 0.00000000099999999983 0.00000000099999999983 0.99999999300000008695 0.00000000099999999983 0.00000000099999999983 0.00000000099999999983 
0.00000000099999999978 0.00000000099999999978 0.00000000099999999978 0.00000000099999999978 0.00000000099999999978 0.00000000099999999978 0.99999999299999986491 0.00000000099999999978 
0.00000000099999999964 0.00000000099999999964 0.00000000099999999964 0.00000000099999999964 0.99999999299999997593 0.00000000099999999964 0.00000000099999999964 0.00000000099999999964 
0.00000000099999999988 0.00000000099999999988 0.00000000099999999988 0.00000000099999999988 0.46657794224841037112 0.00000000099999999988 0.53342205175158941000 0.00000000099999999988 
0.00000000099999999973 0.00000000099999999973 0.00000000099999999973 0.00000000099999999973 0.00000000099999999973 0.99999999299999997593 0.00000000099999999973 0.00000000099999999973 
0.00000000099999999982 0.00000000099999999982 0.00000000099999999982 0.00000000099999999982 0.34126916240605725816 0.00000000099999999982 0.65873083159394263397 0.00000000099999999982 
0.00000000099999999983 0.00000000099999999983 0.00000000099999999983 0.00000000099999999983 0.61886241296999944250 0.38113758103000061617 0.00000000099999999983 0.00000000099999999983 
0.00000000099999999976 0.00000000099999999976 0.00000000099999999976 0.00000000099999999976 0.00000000099999999976 0.47845213885341580928 0.52154785514658397183 0.00000000099999999976 
0.00000000099999999983 0.00000000099999999983 0.00000000099999999983 0.00000000099999999983 0.00000000099999999983 0.20992293200722367263 0.79007706199277638603 0.00000000099999999983 
0.00000000099999999979 0.00000000099999999979 0.00000000099999999979 0.00000000099999999979 0.00000000099999999979 0.38321204899175159708 0.61678794500824829505 0.00000000099999999979 
0.00000000099999999983 0.00000000099999999983 0.00000000099999999983 0.04877837808985786144 0.00000000099999999983 0.16902300294438024619 0.78219861396576184642 0.00000000099999999983 
0.00000000099999999980 0.00000000099999999980 0.00000000099999999980 0.00000000099999999980 0.00000000099999999980 0.00000000099999999980 0.99999999299999986491 0.00000000099999999980 
0.00000000099999999980 0.00000000099999999980 0.00000000099999999980 0.00000000099999999980 0.00000000099999999980 0.43550478431946987312 0.56449520968053013004 0.00000000099999999980 
0.00000000099999999971 0.00000000099999999971 0.00000000099999999971 0.00000000099999999971 0.00000000099999999971 0.99999999299999997593 0.00000000099999999971 0.00000000099999999971 
0.00000000099999999978 0.00000000099999999978 0.00000000099999999978 0.00000000099999999978 0.00000000099999999978 0.00000000099999999978 0.99999999299999997593 0.00000000099999999978 
0.00000000099999999973 0.00000000099999999973 0.00000000099999999973 0.00000000099999999973 0.00000000099999999973 0.99999999299999997593 0.00000000099999999973 0.00000000099999999973 
0.00000000099999999983 0.00000000099999999983 0.00000000099999999983 0.00000000099999999983 0.00000000099999999983 0.00000000099999999983 0.99999999299999997593 0.00000000099999999983 
0.00000000099999999979 0.00000000099999999979 0.00000000099999999979 0.00000000099999999979 0.00000000099999999979 0.00000000099999999979 0.99999999299999986491 0.00000000099999999979 
0.00000000099999999982 0.00000000099999999982 0.00000000099999999982 0.00000000099999999982 0.00000000099999999982 0.23303365234227424452 0.76696634165772570313 0.00000000099999999982 
0.00000000099999999985 0.00000000099999999985 0.00000000099999999985 0.00275505198215332363 0.00000000099999999985 0.50784218474145748079 0.48940275827638918260 0.00000000099999999985 
0.00000000099999999980 0.00000000099999999980 0.00000000099999999980 0.00000000099999999980 0.46442760078765193965 0.00000000099999999980 0.53557239321234806351 0.00000000099999999980 
0.00000000099999999981 0.00000000099999999981 0.00000000099999999981 0.00000000179718319033 0.11850861014979915953 0.46625415326129737714 0.41523723079172020212 0.00000000099999999981 
0.00000093385609748372 0.00000000099999999989 0.00000000099999999989 0.00000000099999999989 0.00000000099999999989 0.00000000099999999989 0.99999906014390238518 0.00000000099999999989 
0.00000000099999999984 0.00000000099999999984 0.00000000099999999984 0.00000000099999999984 0.00000000099999999984 0.26631151321204693527 0.73368848078795301237 0.00000000099999999984 
0.04412031077175924965 0.00000000099999999989 0.00000000099999999989 0.00000000099999999989 0.22051565800149339203 0.17574800035073312454 0.55961602687601408324 0.00000000099999999989 
0.00000000099999999977 0.00000000099999999977 0.00000000099999999977 0.00000000099999999977 0.00000000099999999977 0.54729995554066035446 0.45270003845933953768 0.00000000099999999977 
0.02183708301619491365 0.00000000099999999985 0.00000000099999999985 0.00000000099999999985 0.05466634899481602472 0.35869174813215015662 0.56480481585683872670 0.00000000099999999985 
0.00000000099999999984 0.00000000099999999984 0.00000000099999999984 0.00000000099999999984 0.00000000099999999984 0.49930476411214097521 0.50069522988785908346 0.00000000099999999984 
0.00000000099999999988 0.00000000099999999988 0.00000000099999999988 0.00000000099999999988 0.00000000099999999988 0.21876997340016407501 0.78123002059983581713 0.00000000099999999988 
0.00000000099999999968 0.00000000099999999968 0.00000000099999999968 0.00000000099999999968 0.99999999300000008695 0.00000000099999999968 0.00000000099999999968 0.00000000099999999968 
0.00000000099999999981 0.00000000099999999981 0.00000000099999999981 0.00000000099999999981 0.42105025457627215379 0.00000000099999999981 0.57894973942372773834 0.00000000099999999981 
0.00000000099999999980 0.00000000099999999980 0.00000000099999999980 0.00000000099999999980 0.00000000099999999980 0.37278162781704266004 0.62721836618295723209 0.00000000099999999980 
0.00000000099999999982 0.00000000099999999982 0.00000000099999999982 0.00000000099999999982 0.24818783852844600313 0.22021201882754415369 0.53160013764400981806 0.00000000099999999982 
0.00000000099999999987 0.00000000099999999987 0.00000000099999999987 0.02241556187398927036 0.14877335116348180954 0.23680536286049333472 0.59200572010203555973 0.00000000099999999987 
0.00000000099999999976 0.00000000099999999976 0.00000000099999999976 0.00000000099999999976 0.00000000099999999976 0.00000000099999999976 0.99999999299999997593 0.00000000099999999976 
0.00000000099999999978 0.00000000099999999978 0.00000000099999999978 0.00000000099999999978 0.49035997589245156059 0.00000000099999999978 0.50964001810754833155 0.00000000099999999978 
0.00000000099999999981 0.00000000099999999981 0.00000000099999999981 0.00000000099999999981 0.41109102991147239425 0.00000000099999999981 0.58890896408852755339 0.00000000099999999981 
0.00000000099999999979 0.00000000099999999979 0.00000000099999999979 0.00000000099999999979 0.00000000099999999979 0.00000000099999999979 0.99999999299999986491 0.00000000099999999979 
0.00000000099999999982 0.00000000099999999982 0.00000000099999999982 0.00000000099999999982 0.00000000099999999982 0.54807581294902718572 0.45192418105097287295 0.00000000099999999982 
0.00000000099999999980 0.00000000099999999980 0.00000000099999999980 0.00000000099999999980 0.00000000099999999980 0.44679816490670754003 0.55320182909329240761 0.00000000099999999980 
0.00000000099999999981 0.00000000099999999981 0.00000000099999999981 0.00000000099999999981 0.23719465694722152715 0.00000000099999999981 0.76280533705277842049 0.00000000099999999981 
0.00000000099999999966 0.00000000099999999966 0.00000000099999999966 0.00000000099999999966 0.99999999300000008695 0.00000000099999999966 0.00000000099999999966 0.00000000099999999966 
0.00000000099999999989 0.00000000099999999989 0.00000000099999999989 0.00000000099999999989 0.24075886198959398077 0.23848695182547965943 0.52075418118492633468 0.00000000099999999989 
0.00000000099999999982 0.00000000099999999982 0.00000000099999999982 0.00000000099999999982 0.36113493815818048516 0.00000000099999999982 0.63886505584181951800 0.00000000099999999982 
0.00000000099999999969 0.00000000099999999969 0.00000000099999999969 0.00000000099999999969 0.00000000099999999969 0.99999999300000008695 0.00000000099999999969 0.00000000099999999969 
0.00000000099999999985 0.00000000099999999985 0.00000000099999999985 0.00000000099999999985 0.13935001409478461887 0.37880497484353331528 0.48184500606168212400 0.00000000099999999985 
0.00000000099999999977 0.00000000099999999977 0.00000000099999999977 0.00000000099999999977 0.00000000099999999977 0.00000000099999999977 0.99999999299999997593 0.00000000099999999977 
0.00000000099999999974 0.00000000099999999974 0.00000000099999999974 0.00000000099999999974 0.00000000099999999974 0.99999999299999997593 0.00000000099999999974 0.00000000099999999974 
0.00000000099999999969 0.00000000099999999969 0.00000000099999999969 0.00000000099999999969 0.00000000099999999969 0.99999999300000008695 0.00000000099999999969 0.00000000099999999969 
0.00000000099999999968 0.00000000099999999968 0.00000000099999999968 0.00000000099999999968 0.99999999300000008695 0.00000000099999999968 0.00000000099999999968 0.00000000099999999968 
0.00000000099999999980 0.00000000099999999980 0.00000000099999999980 0.00000000099999999980 0.00000000099999999980 0.44302209260352498621 0.55697790139647496144 0.00000000099999999980 
0.00000000099999999977 0.00000000099999999977 0.00000000099999999977 0.00000000099999999977 0.99999999300000008695 0.00000000099999999977 0.00000000099999999977 0.00000000099999999977 
0.00000000099999999978 0.00000000099999999978 0.00000000099999999978 0.00000000099999999978 0.00000000099999999978 0.00000000099999999978 0.99999999299999986491 0.00000000099999999978 
0.00000000099999999979 0.38362502739266540752 0.61637496660733470666 0.00000000099999999979 0.00000000099999999979 0.00000000099999999979 0.00000000099999999979 0.00000000099999999979 
0.00000000099999999994 0.52157429940257971079 0.26003582973804240108 0.00000000099999999994 0.00000000099999999994 0.00000000099999999994 0.00000000099999999994 0.21838986585937811280 
0.00000000099999999972 0.00000000099999999972 0.99999999300000008695 0.00000000099999999972 0.00000000099999999972 0.00000000099999999972 0.00000000099999999972 0.00000000099999999972 
0.99999999300000008695 0.00000000099999999976 0.00000000099999999976 0.00000000099999999976 0.00000000099999999976 0.00000000099999999976 0.00000000099999999976 0.00000000099999999976 
0.00000000099999999973 0.00000000099999999973 0.00000000099999999973 0.99999999299999997593 0.00000000099999999973 0.00000000099999999973 0.00000000099999999973 0.00000000099999999973 
0.00000000099999999975 0.46288380611886625893 0.25879308849119803115 0.00000000099999999975 0.00000000099999999975 0.00000000099999999975 0.00000000099999999975 0.27832310038993585133 
0.00000000099999999974 0.28842098031850588180 0.25874661086521827391 0.00000000099999999974 0.00000000099999999974 0.00000000099999999974 0.00000000099999999974 0.45283240381627581916 
0.00000000099999999970 0.99999999300000008695 0.00000000099999999970 0.00000000099999999970 0.00000000099999999970 0.00000000099999999970 0.00000000099999999970 0.00000000099999999970 
0.00000000099999999980 0.00000000099999999980 0.32694833335067263747 0.00000000099999999980 0.00000000099999999980 0.00000000099999999980 0.00000000099999999980 0.67305166064932719916 
0.00000000099999999967 0.00000000099999999967 0.00000000099999999967 0.00000000099999999967 0.00000000099999999967 0.00000000099999999967 0.00000000099999999967 0.99999999300000008695 
0.00000000099999999966 0.99999999300000008695 0.00000000099999999966 0.00000000099999999966 0.00000000099999999966 0.00000000099999999966 0.00000000099999999966 0.00000000099999999966 
0.00000000099999999976 0.00000000099999999976 0.58552470889345842320 0.00000000099999999976 0.00000000099999999976 0.00000000099999999976 0.00000000099999999976 0.41447528510654163547 
0.00000000099999999974 0.00000000099999999974 0.44942389546699351710 0.00000000099999999974 0.00000000099999999974 0.00000000099999999974 0.00000000099999999974 0.55057609853300637504 
0.00000000099999999975 0.38275386413322814994 0.61724612986677185322 0.00000000099999999975 0.00000000099999999975 0.00000000099999999975 0.00000000099999999975 0.00000000099999999975 
0.00000000099999999965 0.00000000099999999965 0.00000000099999999965 0.00000000099999999965 0.00000000099999999965 0.00000000099999999965 0.00000000099999999965 0.99999999300000008695 
0.00000000099999999967 0.00000000099999999967 0.99999999299999997593 0.00000000099999999967 0.00000000099999999967 0.00000000099999999967 0.00000000099999999967 0.00000000099999999967 
0.00000000099999999976 0.00000000099999999976 0.99999999300000008695 0.00000000099999999976 0.00000000099999999976 0.00000000099999999976 0.00000000099999999976 0.00000000099999999976 
0.00000000099999999968 0.99999999300000019797 0.00000000099999999968 0.00000000099999999968 0.00000000099999999968 0.00000000099999999968 0.00000000099999999968 0.00000000099999999968 
0.00000000099999999963 0.00000000099999999963 0.99999999300000008695 0.00000000099999999963 0.00000000099999999963 0.00000000099999999963 0.00000000099999999963 0.00000000099999999963 
0.00000000099999999978 0.26808261811870065516 0.28570805390093884091 0.00000000099999999978 0.00000000099999999978 0.00000000099999999978 0.00000000099999999978 0.44620932298036064534 
0.00000000099999999975 0.57235361563395281692 0.42764637836604718624 0.00000000099999999975 0.00000000099999999975 0.00000000099999999975 0.00000000099999999975 0.00000000099999999975 
0.00000000099999999964 0.00000000099999999964 0.00000000099999999964 0.00000000099999999964 0.00000000099999999964 0.00000000099999999964 0.00000000099999999964 0.99999999300000008695 
0.00000000099999999979 0.41865304153088445105 0.00000000099999999979 0.00000000099999999979 0.00000000099999999979 0.00000000099999999979 0.00000000099999999979 0.58134695246911549660 
0.00000000099999999963 0.00000000099999999963 0.99999999300000008695 0.00000000099999999963 0.00000000099999999963 0.00000000099999999963 0.00000000099999999963 0.00000000099999999963 
0.00000000099999999969 0.00000000099999999969 0.00000000099999999969 0.00000000099999999969 0.00000000099999999969 0.00000000099999999969 0.00000000099999999969 0.99999999300000008695 
0.00000000099999999963 0.00000000099999999963 0.00000000099999999963 0.00000000099999999963 0.00000000099999999963 0.00000000099999999963 0.00000000099999999963 0.99999999299999997593 
0.00000000099999999966 0.00000000099999999966 0.99999999300000008695 0.00000000099999999966 0.00000000099999999966 0.00000000099999999966 0.00000000099999999966 0.00000000099999999966 
0.00000000099999999961 0.00000000099999999961 0.00000000099999999961 0.00000000099999999961 0.00000000099999999961 0.00000000099999999961 0.00000000099999999961 0.99999999300000008695 
0.00000000099999999967 0.00000000099999999967 0.00000000099999999967 0.00000000099999999967 0.00000000099999999967 0.00000000099999999967 0.00000000099999999967 0.99999999300000008695 
0.00000000099999999976 0.51135572975927345851 0.25415655596150982243 0.00000000099999999976 0.00000000099999999976 0.00000000099999999976 0.00000000099999999976 0.23448770927921686047 
0.00000000099999999962 0.00000000099999999962 0.99999999299999997593 0.00000000099999999962 0.00000000099999999962 0.00000000099999999962 0.00000000099999999962 0.00000000099999999962 
0.00000000099999999971 0.50677781653669440320 0.49322217746330582200 0.00000000099999999971 0.00000000099999999971 0.00000000099999999971 0.00000000099999999971 0.00000000099999999971 
0.00000000099999999979 0.00000000099999999979 0.00000000099999999979 0.99999999300000008695 0.00000000099999999979 0.00000000099999999979 0.00000000099999999979 0.00000000099999999979 
0.00000000099999999973 0.00000000099999999973 0.00000000099999999973 0.99999999299999997593 0.00000000099999999973 0.00000000099999999973 0.00000000099999999973 0.00000000099999999973 
0.00000000099999999974 0.46629584903337789603 0.37083246542850800687 0.00000000099999999974 0.00000000099999999974 0.00000000099999999974 0.00000000099999999974 0.16287168053811418300 
0.00000000099999999965 0.00000000099999999965 0.00000000099999999965 0.00000000099999999965 0.00000000099999999965 0.00000000099999999965 0.00000000099999999965 0.99999999299999997593 
0.00000000099999999974 0.29949012543958791754 0.70050986856041219664 0.00000000099999999974 0.00000000099999999974 0.00000000099999999974 0.00000000099999999974 0.00000000099999999974 
0.00000000099999999979 0.62347103799104974797 0.00000000099999999979 0.00000000099999999979 0.00000000099999999979 0.00000000099999999979 0.00000000099999999979 0.37652895600895036621 
0.00000000099999999962 0.99999999300000008695 0.00000000099999999962 0.00000000099999999962 0.00000000099999999962 0.00000000099999999962 0.00000000099999999962 0.00000000099999999962 
0.00000000099999999985 0.26435247846023235407 0.51599620046066851931 0.00000000099999999985 0.00000000099999999985 0.00000000099999999985 0.00000000099999999985 0.21965131607909929579 
0.99999999300000008695 0.00000000099999999977 0.00000000099999999977 0.00000000099999999977 0.00000000099999999977 0.00000000099999999977 0.00000000099999999977 0.00000000099999999977 
0.99999999300000008695 0.00000000099999999985 0.00000000099999999985 0.00000000099999999985 0.00000000099999999985 0.00000000099999999985 0.00000000099999999985 0.00000000099999999985 
0.00000000099999999979 0.58788925468267183572 0.41211073931732827846 0.00000000099999999979 0.00000000099999999979 0.00000000099999999979 0.00000000099999999979 0.00000000099999999979 
0.00000000099999999978 0.41416407920377618090 0.58583591479622387777 0.00000000099999999978 0.00000000099999999978 0.00000000099999999978 0.00000000099999999978 0.00000000099999999978 
0.00000000099999999988 0.38069611005758385858 0.00000000099999999988 0.00000000099999999988 0.00000000099999999988 0.00000000099999999988 0.00000000099999999988 0.61930388394241586703 
0.00000000099999999980 0.55528766201961199389 0.44471233198038817580 0.00000000099999999980 0.00000000099999999980 0.00000000099999999980 0.00000000099999999980 0.00000000099999999980 
0.00000000099999999990 0.63969783477720654208 0.36030215922279351659 0.00000000099999999990 0.00000000099999999990 0.00000000099999999990 0.00000000099999999990 0.00000000099999999990 
0.00000000099999999977 0.99999999300000008695 0.00000000099999999977 0.00000000099999999977 0.00000000099999999977 0.00000000099999999977 0.00000000099999999977 0.00000000099999999977 
0.00000000099999999971 0.00000000099999999971 0.99999999300000008695 0.00000000099999999971 0.00000000099999999971 0.00000000099999999971 0.00000000099999999971 0.00000000099999999971 
0.00000000099999999964 0.66554414916790116674 0.00000000099999999964 0.00000000099999999964 0.00000000099999999964 0.00000000099999999964 0.00000000099999999964 0.33445584483209900295 
0.00000000099999999983 0.00000000099999999983 0.00000000099999999983 0.00000000099999999983 0.31446245742233686071 0.22346726421799509299 0.46207027335966804893 0.00000000099999999983 
0.00000000099999999975 0.99999999300000019797 0.00000000099999999975 0.00000000099999999975 0.00000000099999999975 0.00000000099999999975 0.00000000099999999975 0.00000000099999999975 
0.00000000099999999974 0.00000000099999999974 0.75041625255236810155 0.00000000099999999974 0.00000000099999999974 0.00000000099999999974 0.00000000099999999974 0.24958374144763198488 
0.00000000099999999961 0.99999999300000008695 0.00000000099999999961 0.00000000099999999961 0.00000000099999999961 0.00000000099999999961 0.00000000099999999961 0.00000000099999999961 
0.00000000099999999966 0.00000000099999999966 0.99999999300000008695 0.00000000099999999966 0.00000000099999999966 0.00000000099999999966 0.00000000099999999966 0.00000000099999999966 
0.99999999300000019797 0.00000000099999999976 0.00000000099999999976 0.00000000099999999976 0.00000000099999999976 0.00000000099999999976 0.00000000099999999976 0.00000000099999999976 
0.99999999300000008695 0.00000000099999999971 0.00000000099999999971 0.00000000099999999971 0.00000000099999999971 0.00000000099999999971 0.00000000099999999971 0.00000000099999999971 
0.99999999300000008695 0.00000000099999999974 0.00000000099999999974 0.00000000099999999974 0.00000000099999999974 0.00000000099999999974 0.00000000099999999974 0.00000000099999999974 
0.00000000099999999972 0.00000000099999999972 0.00000000099999999972 0.99999999299999997593 0.00000000099999999972 0.00000000099999999972 0.00000000099999999972 0.00000000099999999972 
0.00000000099999999976 0.00000000099999999976 0.00000000099999999976 0.99999999300000008695 0.00000000099999999976 0.00000000099999999976 0.00000000099999999976 0.00000000099999999976 
0.99999999300000008695 0.00000000099999999973 0.00000000099999999973 0.00000000099999999973 0.00000000099999999973 0.00000000099999999973 0.00000000099999999973 0.00000000099999999973 
0.99999999300000019797 0.00000000099999999968 0.00000000099999999968 0.00000000099999999968 0.00000000099999999968 0.00000000099999999968 0.00000000099999999968 0.00000000099999999968 
0.99999999300000019797 0.00000000099999999969 0.00000000099999999969 0.00000000099999999969 0.00000000099999999969 0.00000000099999999969 0.00000000099999999969 0.00000000099999999969 
0.00000000099999999971 0.00000000099999999971 0.00000000099999999971 0.99999999299999997593 0.00000000099999999971 0.00000000099999999971 0.00000000099999999971 0.00000000099999999971 
0.99999999300000019797 0.00000000099999999974 0.00000000099999999974 0.00000000099999999974 0.00000000099999999974 0.00000000099999999974 0.00000000099999999974 0.00000000099999999974 
0.99999999300000008695 0.00000000099999999975 0.00000000099999999975 0.00000000099999999975 0.00000000099999999975 0.00000000099999999975 0.00000000099999999975 0.00000000099999999975 
0.00000000099999999974 0.00000000099999999974 0.00000000099999999974 0.99999999300000008695 0.00000000099999999974 0.00000000099999999974 0.00000000099999999974 0.00000000099999999974 
0.00000000099999999971 0.00000000099999999971 0.00000000099999999971 0.99999999299999997593 0.00000000099999999971 0.00000000099999999971 0.00000000099999999971 0.00000000099999999971 
0.99999999300000019797 0.00000000099999999971 0.00000000099999999971 0.00000000099999999971 0.00000000099999999971 0.00000000099999999971 0.00000000099999999971 0.00000000099999999971 
0.00000000099999999979 0.28936398939935137342 0.21499129894320109790 0.00000000099999999979 0.00000000099999999979 0.00000000099999999979 0.00000000099999999979 0.49564470665744775335 
0.00000000099999999972 0.00000000099999999972 0.00000000099999999972 0.99999999299999997593 0.00000000099999999972 0.00000000099999999972 0.00000000099999999972 0.00000000099999999972 
0.66476010417467512603 0.00000000099999999990 0.00000000099999999990 0.22492100171095302796 0.11031888911437187639 0.00000000099999999990 0.00000000099999999990 0.00000000099999999990 
0.00000000099999999973 0.00000000099999999973 0.00000000099999999973 0.99999999300000008695 0.00000000099999999973 0.00000000099999999973 0.00000000099999999973 0.00000000099999999973 
0.00000000099999999967 0.00000000099999999967 0.00000000099999999967 0.99999999299999997593 0.00000000099999999967 0.00000000099999999967 0.00000000099999999967 0.00000000099999999967 
0.00000000099999999968 0.00000000099999999968 0.00000000099999999968 0.99999999300000008695 0.00000000099999999968 0.00000000099999999968 0.00000000099999999968 0.00000000099999999968 
