0.00000000099999999986 0.65314529034391355378 0.00000000099999999986 0.34685470465608658763 0.00000000099999999986 0.00000000099999999986 0.00000000099999999986 
0.00000000099999999987 0.33324707063088243597 0.00000000099999999987 0.52500000309763539263 0.00000000099999999987 0.14175292227148203472 0.00000000099999999987 
0.00000000099999999985 0.00000000099999999985 0.00000000099999999985 0.78584885721045660834 0.00000000099999999985 0.21415113778954344981 0.00000000099999999985 
0.00000000099999999990 0.99999999400000016969 0.00000000099999999990 0.00000000099999999990 0.00000000099999999990 0.00000000099999999990 0.00000000099999999990 
0.00000000099999999982 0.00000000099999999982 0.99999999400000005867 0.00000000099999999982 0.00000000099999999982 0.00000000099999999982 0.00000000099999999982 
0.00000000099999999989 0.65488791543100821624 0.00000000099999999989 0.34511207956899181415 0.00000000099999999989 0.00000000099999999989 0.00000000099999999989 
0.00000000099999999990 0.99999999400000016969 0.00000000099999999990 0.00000000099999999990 0.00000000099999999990 0.00000000099999999990 0.00000000099999999990 
0.00000000099999999982 0.99999999400000005867 0.00000000099999999982 0.00000000099999999982 0.00000000099999999982 0.00000000099999999982 0.00000000099999999982 
0.00000000099999999970 0.00000000099999999970 0.00000000099999999970 0.00000000099999999970 0.00000000099999999970 0.99999999399999994765 0.00000000099999999970 
0.00000000099999999989 0.99999999400000016969 0.00000000099999999989 0.00000000099999999989 0.00000000099999999989 0.00000000099999999989 0.00000000099999999989 
0.00000000099999999990 0.30776613918597817143 0.00000000099999999990 0.43665863940794347187 0.00000000099999999990 0.25557521740607841432 0.00000000099999999990 
0.00000000099999999981 0.99999999400000005867 0.00000000099999999981 0.00000000099999999981 0.00000000099999999981 0.00000000099999999981 0.00000000099999999981 
0.00000000099999999989 0.55043067035098769413 0.00000000099999999989 0.00000000099999999989 0.00000000099999999989 0.44956932464901250279 0.00000000099999999989 
0.00000000099999999982 0.00000565775997294117 0.00000000099999999982 0.99999433724002706469 0.00000000099999999982 0.00000000099999999982 0.00000000099999999982 
0.00000000099999999988 0.35763545898738136053 0.00000000099999999988 0.64236453601261855884 0.00000000099999999988 0.00000000099999999988 0.00000000099999999988 
0.00000000099999999987 0.21875271564657303158 0.00000000099999999987 0.64346725078693967070 0.00000000099999999987 0.13778002956648743860 0.00000000099999999987 
0.04392043213943326585 0.00000000099999999986 0.00000000099999999986 0.95607956286056683393 0.00000000099999999986 0.00000000099999999986 0.00000000099999999986 
0.00000000099999999989 0.45849067554615757780 0.00000000099999999989 0.47781161386072235064 0.00000000099999999989 0.06369770659311990713 0.00000000099999999989 
0.00000000099999999986 0.33029943494957003658 0.00000000099999999986 0.66970056005042988279 0.00000000099999999986 0.00000000099999999986 0.00000000099999999986 
0.00000000099999999985 0.00000000099999999985 0.00000000099999999985 0.99999999399999994765 0.00000000099999999985 0.00000000099999999985 0.00000000099999999985 
0.00000000099999999982 0.99999999400000016969 0.00000000099999999982 0.00000000099999999982 0.00000000099999999982 0.00000000099999999982 0.00000000099999999982 
0.00000000099999999989 0.33131407934421641670 0.00000000099999999989 0.34989169681885246010 0.00000000099999999989 0.31879421983693101428 0.00000000099999999989 
0.00000000099999999989 0.00000000099999999989 0.00000000099999999989 0.83090038660880083388 0.00000000099999999989 0.16909960839119905773 0.00000000099999999989 
0.00000000099999999983 0.99999999400000016969 0.00000000099999999983 0.00000000099999999983 0.00000000099999999983 0.00000000099999999983 0.00000000099999999983 
0.00000000099999999989 0.30484882500130272565 0.00000000099999999989 0.58166560396503441677 0.00000000099999999989 0.11348556703366276255 0.00000000099999999989 
0.00000000099999999986 0.00000000099999999986 0.00000000099999999986 0.99999999399999994765 0.00000000099999999986 0.00000000099999999986 0.00000000099999999986 
0.00000000099999999984 0.61873730691347084143 0.00000000099999999984 0.00000000099999999984 0.00000000099999999984 0.38126268808652913345 0.00000000099999999984 
0.00000000099999999987 0.37945523945026310431 0.00000000099999999987 0.62054475554973675955 0.00000000099999999987 0.00000000099999999987 0.00000000099999999987 
0.00000000099999999992 0.00000000099999999992 0.00000000099999999992 0.99999999289034735561 0.00000000099999999992 0.00000000210965264257 0.00000000099999999992 
0.00000000099999999982 0.99999999400000016969 0.00000000099999999982 0.00000000099999999982 0.00000000099999999982 0.00000000099999999982 0.00000000099999999982 
0.00000000099999999993 0.49765680693251518329 0.00000000099999999993 0.23125803504992101245 0.00000000099999999993 0.22755998270323005150 0.04352517231433371964 
0.00000000099999999980 0.00000000099999999980 0.00000000099999999980 0.99999999400000005867 0.00000000099999999980 0.00000000099999999980 0.00000000099999999980 
0.00000000099999999990 0.33853624216803196445 0.00000000099999999990 0.56507169387971412089 0.00000000099999999990 0.08018253457944954365 0.01620952637280438299 
0.00000000099999999986 0.00000000099999999986 0.00000000099999999986 0.99999999399999994765 0.00000000099999999986 0.00000000099999999986 0.00000000099999999986 
0.00000000099999999992 0.46599548657715100797 0.00000000099999999992 0.39354078819598925509 0.00000000099999999992 0.14046372122685957251 0.00000000099999999992 
0.00000000099999999973 0.00000000099999999973 0.00000000099999999973 0.00000000099999999973 0.00000000099999999973 0.99999999399999994765 0.00000000099999999973 
0.00000000099999999985 0.82478893716598322694 0.00000000099999999985 0.00000000099999999985 0.00000000099999999985 0.17521105783401672018 0.00000000099999999985 
0.00000000099999999983 0.00000000099999999983 0.00000000099999999983 0.99999999399999994765 0.00000000099999999983 0.00000000099999999983 0.00000000099999999983 
0.00000000099999999987 0.51872682847514917093 0.00000000099999999987 0.33288203395608961799 0.00000000099999999987 0.14839113356876129646 0.00000000099999999987 
0.02283809381258462140 0.38972114511161815020 0.00000000099999999991 0.58744075707579723744 0.00000000099999999991 0.00000000099999999991 0.00000000099999999991 
0.00000000099999999986 0.38365382020790067541 0.00000000099999999986 0.61634617479209929947 0.00000000099999999986 0.00000000099999999986 0.00000000099999999986 
0.00000000099999999986 0.00000056053603122589 0.00000000099999999986 0.73513121175364082305 0.00000000099999999986 0.26486822371032792134 0.00000000099999999986 
0.00000000099999999986 0.00000000099999999986 0.00000000099999999986 0.48060649594677046226 0.00000000099999999986 0.51939349905322929057 0.00000000099999999986 
0.00000000099999999987 0.41898519163613984206 0.00000000099999999987 0.58101480336386013281 0.00000000099999999987 0.00000000099999999987 0.00000000099999999987 
0.00000000099999999987 0.00000000099999999987 0.00000000099999999987 0.70961223013562613193 0.00000000099999999987 0.29038776486437378743 0.00000000099999999987 
0.00000000099999999987 0.49522846930303138224 0.00000000099999999987 0.33471449970191019530 0.00000000099999999987 0.17005702699505828579 0.00000000099999999987 
0.00000000099999999987 0.24020662687737948104 0.00000000099999999987 0.56531670106307907453 0.00000000099999999987 0.19447666805954147429 0.00000000099999999987 
0.00000000099999999972 0.00000000099999999972 0.00000000099999999972 0.00000000099999999972 0.00000000099999999972 0.99999999399999994765 0.00000000099999999972 
0.00000000099999999984 0.00000000099999999984 0.00000000099999999984 0.00000000099999999984 0.00000000099999999984 0.99999999400000005867 0.00000000099999999984 
0.00005154866738683999 0.58382559785557475163 0.00000000099999999988 0.41610916424700949978 0.00000000099999999988 0.00001368623002886370 0.00000000099999999988 
0.00000000099999999971 0.00000000099999999971 0.00000000099999999971 0.00000000099999999971 0.00000000099999999971 0.99999999399999994765 0.00000000099999999971 
0.00000000099999999983 0.99999999400000016969 0.00000000099999999983 0.00000000099999999983 0.00000000099999999983 0.00000000099999999983 0.00000000099999999983 
0.00000000099999999980 0.99999999400000005867 0.00000000099999999980 0.00000000099999999980 0.00000000099999999980 0.00000000099999999980 0.00000000099999999980 
0.00000000099999999990 0.00000000099999999990 0.00000000099999999990 0.82487320128996000079 0.00000000099999999990 0.17512679371003997408 0.00000000099999999990 
0.00000000099999999982 0.00000000099999999982 0.00000000099999999982 0.99999999400000005867 0.00000000099999999982 0.00000000099999999982 0.00000000099999999982 
0.00000000099999999984 0.00000000099999999984 0.00000000099999999984 0.57584790746227954017 0.00000000099999999984 0.42415208753772037920 0.00000000099999999984 
0.00000000099999999981 0.00000000099999999981 0.00000000099999999981 0.99999999399999994765 0.00000000099999999981 0.00000000099999999981 0.00000000099999999981 
0.00000000099999999981 0.00000000099999999981 0.00000000099999999981 0.00000000099999999981 0.00000000099999999981 0.99999999399999994765 0.00000000099999999981 
0.00000000099999999985 0.81493060707876963100 0.00000000099999999985 0.00000000099999999985 0.00000000099999999985 0.18506938792123051041 0.00000000099999999985 
0.00000000099999999981 0.00000000099999999981 0.42581166779585827298 0.00000000099999999981 0.57418832720414170190 0.00000000099999999981 0.00000000099999999981 
0.00000000099999999997 0.00000000099999999997 0.43171797898560226869 0.00000000099999999997 0.56828201601439776169 0.00000000099999999997 0.00000000099999999997 
0.00000000099999999973 0.00000000099999999973 0.00000000099999999973 0.00000000099999999973 0.99999999400000005867 0.00000000099999999973 0.00000000099999999973 
0.00000000099999999982 0.00000000099999999982 0.00000000099999999982 0.00000000099999999982 0.00000000099999999982 0.00000000099999999982 0.99999999399999994765 
0.99999999400000005867 0.00000000099999999979 0.00000000099999999979 0.00000000099999999979 0.00000000099999999979 0.00000000099999999979 0.00000000099999999979 
0.00000000099999999977 0.00000000099999999977 0.72933817064788919460 0.00000000099999999977 0.27066182435211072477 0.00000000099999999977 0.00000000099999999977 
0.00000000099999999975 0.00000000099999999975 0.80606016006750835778 0.00000000099999999975 0.19393983493249158934 0.00000000099999999975 0.00000000099999999975 
0.00000000099999999977 0.00000000099999999977 0.99999999400000005867 0.00000000099999999977 0.00000000099999999977 0.00000000099999999977 0.00000000099999999977 
0.00000000099999999984 0.00000000099999999984 0.52717459816162504094 0.00000000099999999984 0.47282539683837482292 0.00000000099999999984 0.00000000099999999984 
0.00000000099999999975 0.00000000099999999975 0.99999999400000005867 0.00000000099999999975 0.00000000099999999975 0.00000000099999999975 0.00000000099999999975 
0.00000000099999999976 0.00000000099999999976 0.99999999400000005867 0.00000000099999999976 0.00000000099999999976 0.00000000099999999976 0.00000000099999999976 
0.00000000099999999970 0.00000000099999999970 0.00000000099999999970 0.00000000099999999970 0.99999999400000005867 0.00000000099999999970 0.00000000099999999970 
0.00000000099999999977 0.00000000099999999977 0.41575494856960087953 0.00000000099999999977 0.58424504643039909535 0.00000000099999999977 0.00000000099999999977 
0.00000000099999999979 0.00000000099999999979 0.53806171195802876550 0.00000000099999999979 0.46193828304197126489 0.00000000099999999979 0.00000000099999999979 
0.00000000099999999968 0.00000000099999999968 0.00000000099999999968 0.00000000099999999968 0.99999999399999994765 0.00000000099999999968 0.00000000099999999968 
0.00000000099999999968 0.00000000099999999968 0.00000000099999999968 0.00000000099999999968 0.99999999399999994765 0.00000000099999999968 0.00000000099999999968 
0.00000000099999999980 0.00000000099999999980 0.00000000099999999980 0.00000000099999999980 0.99999999399999994765 0.00000000099999999980 0.00000000099999999980 
0.00000000099999999977 0.00000000099999999977 0.99999999399999994765 0.00000000099999999977 0.00000000099999999977 0.00000000099999999977 0.00000000099999999977 
0.00000000099999999965 0.00000000099999999965 0.00000000099999999965 0.00000000099999999965 0.99999999399999994765 0.00000000099999999965 0.00000000099999999965 
0.00000000099999999979 0.00000000099999999979 0.66564151472357457884 0.00000000099999999979 0.33435848027642545155 0.00000000099999999979 0.00000000099999999979 
0.00000000099999999978 0.00000000099999999978 0.72509255420141194293 0.00000000099999999978 0.27490744079858797644 0.00000000099999999978 0.00000000099999999978 
0.00000000099999999973 0.00000000099999999973 0.99999999399999994765 0.00000000099999999973 0.00000000099999999973 0.00000000099999999973 0.00000000099999999973 
0.00000000099999999978 0.00000000099999999978 0.99999999400000005867 0.00000000099999999978 0.00000000099999999978 0.00000000099999999978 0.00000000099999999978 
0.00000000099999999966 0.00000000099999999966 0.00000000099999999966 0.00000000099999999966 0.99999999399999994765 0.00000000099999999966 0.00000000099999999966 
0.00000000099999999988 0.00000000099999999988 0.71452286454545332894 0.00000000099999999988 0.28547713045454670144 0.00000000099999999988 0.00000000099999999988 
0.00000000099999999972 0.00000000099999999972 0.99999999399999994765 0.00000000099999999972 0.00000000099999999972 0.00000000099999999972 0.00000000099999999972 
0.00000000099999999969 0.00000000099999999969 0.00000000099999999969 0.00000000099999999969 0.99999999400000005867 0.00000000099999999969 0.00000000099999999969 
0.00000000099999999969 0.00000000099999999969 0.99999999399999994765 0.00000000099999999969 0.00000000099999999969 0.00000000099999999969 0.00000000099999999969 
0.00000000099999999976 0.00000000099999999976 0.99999999400000005867 0.00000000099999999976 0.00000000099999999976 0.00000000099999999976 0.00000000099999999976 
0.00000000099999999977 0.00000000099999999977 0.77596396973128711760 0.00000000099999999977 0.22403602526871294054 0.00000000099999999977 0.00000000099999999977 
0.00000000099999999964 0.00000000099999999964 0.00000000099999999964 0.00000000099999999964 0.99999999400000005867 0.00000000099999999964 0.00000000099999999964 
0.00000000099999999966 0.00000000099999999966 0.00000000099999999966 0.00000000099999999966 0.99999999400000005867 0.00000000099999999966 0.00000000099999999966 
0.99999999400000016969 0.00000000099999999984 0.00000000099999999984 0.00000000099999999984 0.00000000099999999984 0.00000000099999999984 0.00000000099999999984 
0.99999999400000005867 0.00000000099999999980 0.00000000099999999980 0.00000000099999999980 0.00000000099999999980 0.00000000099999999980 0.00000000099999999980 
0.00000000099999999976 0.00000000099999999976 0.66869918473202039078 0.00000000099999999976 0.33130081026797969512 0.00000000099999999976 0.00000000099999999976 
0.00000000099999999975 0.00000000099999999975 0.99982847408538599865 0.00000000099999999975 0.00017152091461398992 0.00000000099999999975 0.00000000099999999975 
0.00000000099999999978 0.00000000099999999978 0.34734116313042251445 0.00000000099999999978 0.65265883186957751594 0.00000000099999999978 0.00000000099999999978 
0.00000000099999999979 0.00000000099999999979 0.99999999399999994765 0.00000000099999999979 0.00000000099999999979 0.00000000099999999979 0.00000000099999999979 
0.00000000099999999975 0.00000000099999999975 0.99999999399999994765 0.00000000099999999975 0.00000000099999999975 0.00000000099999999975 0.00000000099999999975 
0.00000000099999999985 0.00000000099999999985 0.62582354011890461987 0.00000000099999999985 0.37417645488109535501 0.00000000099999999985 0.00000000099999999985 
0.00000000099999999983 0.00000000099999999983 0.00000000099999999983 0.00000000099999999983 0.00000000099999999983 0.00000000099999999983 0.99999999399999994765 
0.00000000099999999988 0.00000000099999999988 0.00000000099999999988 0.00000000099999999988 0.00000000099999999988 0.00000000099999999988 0.99999999399999994765 
0.00000000099999999979 0.00000000099999999979 0.99999999400000005867 0.00000000099999999979 0.00000000099999999979 0.00000000099999999979 0.00000000099999999979 
0.00000000099999999981 0.00000000099999999981 0.45389903430412886776 0.00000000099999999981 0.54610096069587121814 0.00000000099999999981 0.00000000099999999981 
0.00000000099999999988 0.00000000099999999988 0.99999999400000005867 0.00000000099999999988 0.00000000099999999988 0.00000000099999999988 0.00000000099999999988 
0.00000000099999999984 0.00000000099999999984 0.56051981186903898635 0.00000000099999999984 0.43948018313096115506 0.00000000099999999984 0.00000000099999999984 
0.00000000099999999997 0.00000000099999999997 0.73501659295313226394 0.00000000099999999997 0.26498340204686771093 0.00000000099999999997 0.00000000099999999997 
0.00000000099999999993 0.00000000099999999993 0.99999999400000005867 0.00000000099999999993 0.00000000099999999993 0.00000000099999999993 0.00000000099999999993 
0.00000000099999999973 0.00000000099999999973 0.00000000099999999973 0.00000000099999999973 0.99999999400000005867 0.00000000099999999973 0.00000000099999999973 
0.00000000099999999966 0.00000000099999999966 0.99999999399999994765 0.00000000099999999966 0.00000000099999999966 0.00000000099999999966 0.00000000099999999966 
0.00000000099999999988 0.59432987413628790563 0.00000000099999999988 0.40567012086371212476 0.00000000099999999988 0.00000000099999999988 0.00000000099999999988 
0.00000000099999999988 0.00000000099999999988 0.99999999400000005867 0.00000000099999999988 0.00000000099999999988 0.00000000099999999988 0.00000000099999999988 
0.00000000099999999970 0.00000000099999999970 0.00000000099999999970 0.00000000099999999970 0.99999999400000005867 0.00000000099999999970 0.00000000099999999970 
0.00000000099999999973 0.00000000099999999973 0.99999999400000005867 0.00000000099999999973 0.00000000099999999973 0.00000000099999999973 0.00000000099999999973 
0.00000000099999999968 0.00000000099999999968 0.00000000099999999968 0.00000000099999999968 0.99999999400000005867 0.00000000099999999968 0.00000000099999999968 
0.00000000099999999981 0.00000000099999999981 0.00000000099999999981 0.00000000099999999981 0.00000000099999999981 0.00000000099999999981 0.99999999399999994765 
0.00000000099999999978 0.00000000099999999978 0.00000000099999999978 0.00000000099999999978 0.00000000099999999978 0.00000000099999999978 0.99999999399999994765 
0.00000000099999999981 0.00000000099999999981 0.00000000099999999981 0.00000000099999999981 0.00000000099999999981 0.00000000099999999981 0.99999999400000005867 
0.99999999400000005867 0.00000000099999999978 0.00000000099999999978 0.00000000099999999978 0.00000000099999999978 0.00000000099999999978 0.00000000099999999978 
0.99999999400000005867 0.00000000099999999981 0.00000000099999999981 0.00000000099999999981 0.00000000099999999981 0.00000000099999999981 0.00000000099999999981 
0.00000000099999999980 0.00000000099999999980 0.00000000099999999980 0.00000000099999999980 0.00000000099999999980 0.00000000099999999980 0.99999999399999994765 
0.00000000099999999975 0.00000000099999999975 0.00000000099999999975 0.00000000099999999975 0.00000000099999999975 0.00000000099999999975 0.99999999399999994765 
0.00000000099999999977 0.00000000099999999977 0.00000000099999999977 0.00000000099999999977 0.00000000099999999977 0.00000000099999999977 0.99999999399999994765 
0.99999999400000005867 0.00000000099999999979 0.00000000099999999979 0.00000000099999999979 0.00000000099999999979 0.00000000099999999979 0.00000000099999999979 
0.00000000099999999980 0.00000000099999999980 0.00000000099999999980 0.00000000099999999980 0.00000000099999999980 0.00000000099999999980 0.99999999399999994765 
0.00000000099999999981 0.00000000099999999981 0.00000000099999999981 0.00000000099999999981 0.00000000099999999981 0.00000000099999999981 0.99999999400000005867 
0.99999999400000005867 0.00000000099999999982 0.00000000099999999982 0.00000000099999999982 0.00000000099999999982 0.00000000099999999982 0.00000000099999999982 
0.99999999400000016969 0.00000000099999999978 0.00000000099999999978 0.00000000099999999978 0.00000000099999999978 0.00000000099999999978 0.00000000099999999978 
0.00000000099999999979 0.00000000099999999979 0.00000000099999999979 0.00000000099999999979 0.00000000099999999979 0.00000000099999999979 0.99999999400000005867 
0.00000000099999999980 0.00000000099999999980 0.72142097405029759205 0.00000000099999999980 0.27857902094970232731 0.00000000099999999980 0.00000000099999999980 
0.99999999400000016969 0.00000000099999999979 0.00000000099999999979 0.00000000099999999979 0.00000000099999999979 0.00000000099999999979 0.00000000099999999979 
0.22962820822523857811 0.00000000099999999993 0.00000000099999999993 0.00000000099999999993 0.00000000099999999993 0.10725657027001812838 0.66311521750474344827 
0.99999999400000005867 0.00000000099999999980 0.00000000099999999980 0.00000000099999999980 0.00000000099999999980 0.00000000099999999980 0.00000000099999999980 
0.99999999400000005867 0.00000000099999999975 0.00000000099999999975 0.00000000099999999975 0.00000000099999999975 0.00000000099999999975 0.00000000099999999975 
0.99999999400000005867 0.00000000099999999975 0.00000000099999999975 0.00000000099999999975 0.00000000099999999975 0.00000000099999999975 0.00000000099999999975 
