0.61727262777352465140 0.00000000099999999988 0.00000000099999999988 0.00000000099999999988 0.38272736822647546173 0.00000000099999999988 
0.64962880777322662418 0.00000000099999999987 0.00000000099999999987 0.00000000099999999987 0.35037118822677348895 0.00000000099999999987 
0.00000000099999999981 0.00000000099999999981 0.00000000099999999981 0.00000000099999999981 0.99999999500000003039 0.00000000099999999981 
0.96245071058468556480 0.00000000099999999992 0.02180615184149840499 0.00000000099999999992 0.00000000099999999992 0.01574313457381612547 
0.00000000099999999986 0.00000000099999999986 0.00000000099999999986 0.99999999499999991937 0.00000000099999999986 0.00000000099999999986 
0.99999999500000014141 0.00000000099999999987 0.00000000099999999987 0.00000000099999999987 0.00000000099999999987 0.00000000099999999987 
0.73132722805671168675 0.00000000099999999994 0.00000000099999999994 0.00000000099999999994 0.26867276794328837086 0.00000000099999999994 
0.99999999500000014141 0.00000000099999999985 0.00000000099999999985 0.00000000099999999985 0.00000000099999999985 0.00000000099999999985 
0.99999999500000003039 0.00000000099999999983 0.00000000099999999983 0.00000000099999999983 0.00000000099999999983 0.00000000099999999983 
0.99999999500000014141 0.00000000099999999991 0.00000000099999999991 0.00000000099999999991 0.00000000099999999991 0.00000000099999999991 
0.38865461002358792086 0.00000000099999999990 0.00000000099999999990 0.00000000099999999990 0.61134538597641197022 0.00000000099999999990 
0.99999999500000003039 0.00000000099999999986 0.00000000099999999986 0.00000000099999999986 0.00000000099999999986 0.00000000099999999986 
0.99999999500000003039 0.00000000099999999990 0.00000000099999999990 0.00000000099999999990 0.00000000099999999990 0.00000000099999999990 
0.00000000099999999980 0.00000000099999999980 0.00000000099999999980 0.00000000099999999980 0.99999999500000003039 0.00000000099999999980 
0.45534935505790857802 0.00000000099999999989 0.00000000099999999989 0.00000000099999999989 0.54465064094209114653 0.00000000099999999989 
0.36975868756706492535 0.00000000099999999986 0.00000000099999999986 0.00000000099999999986 0.63024130843293502124 0.00000000099999999986 
0.41513891476349257248 0.00000000099999999989 0.05044250628269398434 0.00000000099999999989 0.53441857595381336843 0.00000000099999999989 
0.61089480629186232452 0.00000000099999999990 0.00000000099999999990 0.00000000099999999990 0.38910518970813767758 0.00000000099999999990 
0.48324135635646503495 0.00000000099999999987 0.00000000099999999987 0.00000000099999999987 0.51675863964353474511 0.00000000099999999987 
0.00000000099999999983 0.00000000099999999983 0.00000000099999999983 0.00000000099999999983 0.99999999500000003039 0.00000000099999999983 
0.60151829337644091567 0.00000000099999999988 0.00000000099999999988 0.00000000099999999988 0.39848170262355914195 0.00000000099999999988 
0.00000000099999999986 0.00000000099999999986 0.00000000099999999986 0.00000000099999999986 0.99999999499999991937 0.00000000099999999986 
0.63560648972832423098 0.00000000099999999993 0.00000000099999999993 0.00000000099999999993 0.36439350627167577112 0.00000000099999999993 
0.99999999500000014141 0.00000000099999999986 0.00000000099999999986 0.00000000099999999986 0.00000000099999999986 0.00000000099999999986 
0.47055308679891749701 0.00000000099999999989 0.00000000099999999989 0.00000000099999999989 0.52944690920108228305 0.00000000099999999989 
0.00000000099999999985 0.00000000099999999985 0.00000000099999999985 0.00000000099999999985 0.99999999499999991937 0.00000000099999999985 
0.99999999500000003039 0.00000000099999999985 0.00000000099999999985 0.00000000099999999985 0.00000000099999999985 0.00000000099999999985 
0.41775701344549087679 0.00000000099999999987 0.00087740850580880325 0.00000000099999999987 0.58136557504870034485 0.00000000099999999987 
0.99999999500000014141 0.00000000099999999993 0.00000000099999999993 0.00000000099999999993 0.00000000099999999993 0.00000000099999999993 
0.48862406684211040497 0.00000000099999999989 0.00000000099999999989 0.00000000099999999989 0.51137592915788943060 0.00000000099999999989 
0.59527145321917884768 0.00000000099999999993 0.00000000099999999993 0.00000000099999999993 0.36034833955310902054 0.04438020422771220969 
0.00000000099999999980 0.00000000099999999980 0.00000000099999999980 0.00000000099999999980 0.99999999499999991937 0.00000000099999999980 
0.00000000099999999986 0.00000000099999999986 0.00000000099999999986 0.00000000099999999986 0.99999999499999991937 0.00000000099999999986 
0.27510573013304545631 0.00000000099999999989 0.00000000099999999989 0.00000000099999999989 0.72489426586695426824 0.00000000099999999989 
0.68712677437746727538 0.00000000099999999993 0.00000000099999999993 0.00000000099999999993 0.31287322162253272673 0.00000000099999999993 
0.99999999500000003039 0.00000000099999999986 0.00000000099999999986 0.00000000099999999986 0.00000000099999999986 0.00000000099999999986 
0.99999999500000014141 0.00000000099999999985 0.00000000099999999985 0.00000000099999999985 0.00000000099999999985 0.00000000099999999985 
0.39015563771543698701 0.00000000099999999987 0.00000000099999999987 0.00000000099999999987 0.60984435828456284856 0.00000000099999999987 
0.61343497394418156077 0.00000000099999999987 0.00000000099999999987 0.00000000099999999987 0.38656502205581855236 0.00000000099999999987 
0.35743675604941116397 0.00000000099999999991 0.02012670236882205255 0.00000000099999999991 0.62243653858176661853 0.00000000099999999991 
0.63367096966727265439 0.00000000099999999988 0.00000000099999999988 0.00000000099999999988 0.36632902633272723669 0.00000000099999999988 
0.99999999492870583762 0.00000000099999999985 0.00000000099999999985 0.00000000099999999985 0.00000000107129427873 0.00000000099999999985 
0.67352938863347777687 0.00000000099999999989 0.01364311649449615783 0.00000000099999999989 0.31260948906589863805 0.00021800380612732722 
0.51105337244864668111 0.00000000099999999989 0.00000000099999999989 0.00000000099999999989 0.48894662355135337650 0.00000000099999999989 
0.30495238344945940767 0.00000000099999999989 0.00000000099999999989 0.00000000099999999989 0.69203985747449003885 0.00300775607605039156 
0.55938844192962622337 0.00000000099999999988 0.00000000099999999988 0.00000000099999999988 0.44061155407037372322 0.00000000099999999988 
0.61867025494054928014 0.00000000099999999987 0.00000000099999999987 0.00000000099999999987 0.38132974105945066645 0.00000000099999999987 
0.99999999500000014141 0.00000000099999999985 0.00000000099999999985 0.00000000099999999985 0.00000000099999999985 0.00000000099999999985 
0.99999999500000003039 0.00000000099999999991 0.00000000099999999991 0.00000000099999999991 0.00000000099999999991 0.00000000099999999991 
0.62360095937679915767 0.00000000099999999989 0.00957361551501892220 0.00000000099999999989 0.36682542210818203099 0.00000000099999999989 
0.59407591961633587907 0.00000000099999999986 0.00000000099999999986 0.00000000099999999986 0.40592407638366417855 0.00000000099999999986 
0.65260085188149219437 0.00000000099999999990 0.00000000099999999990 0.00000000099999999990 0.34739914411850786324 0.00000000099999999990 
0.59386441982946303053 0.00000000099999999988 0.00000000099999999988 0.00000000099999999988 0.40613557617053691606 0.00000000099999999988 
0.00000000099999999985 0.00000000099999999985 0.00000000099999999985 0.00000000099999999985 0.99999999499999991937 0.00000000099999999985 
0.00000000099999999981 0.00000000099999999981 0.00000000099999999981 0.00000000099999999981 0.99999999500000003039 0.00000000099999999981 
0.65681685875288486898 0.00000000099999999986 0.00000000099999999986 0.00000000099999999986 0.34318313724711513313 0.00000000099999999986 
0.35494622320807861504 0.00000000099999999986 0.00000000099999999986 0.00000000099999999986 0.64505377279192122053 0.00000000099999999986 
0.99999999500000014141 0.00000000099999999991 0.00000000099999999991 0.00000000099999999991 0.00000000099999999991 0.00000000099999999991 
0.65496172760960313930 0.00000000099999999989 0.00000000099999999989 0.00000000099999999989 0.34503826839039691832 0.00000000099999999989 
0.00000000099999999987 0.48063687074319849657 0.00000000099999999987 0.51936312525680139451 0.00000000099999999987 0.00000000099999999987 
0.00000000099999999998 0.33560273059652939720 0.00000000099999999998 0.66439726540347054939 0.00000000099999999998 0.00000000099999999998 
0.00000000099999999981 0.99999999500000003039 0.00000000099999999981 0.00000000099999999981 0.00000000099999999981 0.00000000099999999981 
0.00000000099999999984 0.00000000099999999984 0.00000000099999999984 0.00000000099999999984 0.00000000099999999984 0.99999999499999991937 
0.00000000099999999982 0.00000000099999999982 0.99999999499999991937 0.00000000099999999982 0.00000000099999999982 0.00000000099999999982 
0.00000000099999999978 0.00000107878307593819 0.00000000099999999978 0.99999891721692413249 0.00000000099999999978 0.00000000099999999978 
0.00000000099999999981 0.32099589244560244872 0.00000000099999999981 0.67900410355439755339 0.00000000099999999981 0.00000000099999999981 
0.00000000099999999982 0.00000000099999999982 0.00000000099999999982 0.99999999500000003039 0.00000000099999999982 0.00000000099999999982 
0.00000000099999999987 0.22497758655856603394 0.00000000099999999987 0.77502240944143396817 0.00000000099999999987 0.00000000099999999987 
0.00000000099999999980 0.00000000099999999980 0.00000000099999999980 0.99999999499999991937 0.00000000099999999980 0.00000000099999999980 
0.00000000099999999981 0.00000000099999999981 0.00000000099999999981 0.99999999499999991937 0.00000000099999999981 0.00000000099999999981 
0.00000000099999999975 0.99999999500000014141 0.00000000099999999975 0.00000000099999999975 0.00000000099999999975 0.00000000099999999975 
0.00000000099999999982 0.62974443546895941815 0.00000000099999999982 0.37025556053104069498 0.00000000099999999982 0.00000000099999999982 
0.00000000099999999982 0.32820949910309393793 0.00000000099999999982 0.67179049689690595315 0.00000000099999999982 0.00000000099999999982 
0.00000000099999999974 0.99999999500000003039 0.00000000099999999974 0.00000000099999999974 0.00000000099999999974 0.00000000099999999974 
0.00000000099999999974 0.99999999500000003039 0.00000000099999999974 0.00000000099999999974 0.00000000099999999974 0.00000000099999999974 
0.00000000099999999981 0.99999999500000014141 0.00000000099999999981 0.00000000099999999981 0.00000000099999999981 0.00000000099999999981 
0.00000000099999999981 0.00000000099999999981 0.00000000099999999981 0.99999999500000003039 0.00000000099999999981 0.00000000099999999981 
0.00000000099999999972 0.99999999500000003039 0.00000000099999999972 0.00000000099999999972 0.00000000099999999972 0.00000000099999999972 
0.00000000099999999983 0.48585273729535893850 0.00000000099999999983 0.51414725870464095259 0.00000000099999999983 0.00000000099999999983 
0.00000000099999999983 0.27129402848821582150 0.00000000099999999983 0.72870596751178406958 0.00000000099999999983 0.00000000099999999983 
0.00000000099999999978 0.00000000099999999978 0.00000000099999999978 0.99999999500000003039 0.00000000099999999978 0.00000000099999999978 
0.00000000099999999982 0.00000000099999999982 0.00000000099999999982 0.99999999499999991937 0.00000000099999999982 0.00000000099999999982 
0.00000000099999999973 0.99999999500000014141 0.00000000099999999973 0.00000000099999999973 0.00000000099999999973 0.00000000099999999973 
0.00000000099999999986 0.00000000099999999986 0.00000000099999999986 0.99999999499999991937 0.00000000099999999986 0.00000000099999999986 
0.00000000099999999982 0.29474480366819999499 0.00000000099999999982 0.70525519233180011813 0.00000000099999999982 0.00000000099999999982 
0.00000000099999999975 0.99999999500000014141 0.00000000099999999975 0.00000000099999999975 0.00000000099999999975 0.00000000099999999975 
0.00000000099999999976 0.00000000099999999976 0.00000000099999999976 0.99999999500000003039 0.00000000099999999976 0.00000000099999999976 
0.00000000099999999981 0.00000000099999999981 0.00000000099999999981 0.99999999500000003039 0.00000000099999999981 0.00000000099999999981 
0.00000000099999999983 0.25602140491320118931 0.00000000099999999983 0.74397859108679886830 0.00000000099999999983 0.00000000099999999983 
0.00000000099999999971 0.99999999500000014141 0.00000000099999999971 0.00000000099999999971 0.00000000099999999971 0.00000000099999999971 
0.00000000099999999980 0.59486539407182015271 0.00000000099999999980 0.40513460192818001593 0.00000000099999999980 0.00000000099999999980 
0.00000000099999999986 0.00000000099999999986 0.99999999499999991937 0.00000000099999999986 0.00000000099999999986 0.00000000099999999986 
0.00000000099999999982 0.00000000099999999982 0.99999999500000003039 0.00000000099999999982 0.00000000099999999982 0.00000000099999999982 
0.00000000099999999981 0.34500073366390665575 0.00000000099999999981 0.65499926233609329085 0.00000000099999999981 0.00000000099999999981 
0.00000000099999999985 0.34296613381139928745 0.00000000099999999985 0.65703386218860060364 0.00000000099999999985 0.00000000099999999985 
0.00000000099999999982 0.64074774662439593076 0.00000000099999999982 0.35925224937560423788 0.00000000099999999982 0.00000000099999999982 
0.00000000099999999984 0.00024248682706328804 0.00000000099999999984 0.99975750917293659814 0.00000000099999999984 0.00000000099999999984 
0.00000000099999999980 0.00000000099999999980 0.00000000099999999980 0.99999999499999991937 0.00000000099999999980 0.00000000099999999980 
0.00000000099999999988 0.38165839399029893864 0.00000000099999999988 0.61834160200970100796 0.00000000099999999988 0.00000000099999999988 
0.00000000099999999985 0.00000000099999999985 0.00000000099999999985 0.00000000099999999985 0.00000000099999999985 0.99999999499999991937 
0.00000000099999999989 0.00000000099999999989 0.00000000099999999989 0.00000000099999999989 0.00000000099999999989 0.99999999500000003039 
0.00000000099999999983 0.00000093118718476964 0.00000000099999999983 0.99999906481281519710 0.00000000099999999983 0.00000000099999999983 
0.00000000099999999985 0.52232928060019356842 0.00000000099999999985 0.47767071539980643369 0.00000000099999999985 0.00000000099999999985 
0.00000000099999999991 0.00000000099999999991 0.00000000099999999991 0.99999999499999991937 0.00000000099999999991 0.00000000099999999991 
0.00000000099999999988 0.31917331262054032814 0.00000000099999999988 0.68082668337945972947 0.00000000099999999988 0.00000000099999999988 
0.00000000099999999998 0.49214110398826443893 0.00000000099999999998 0.50785889201173550767 0.00000000099999999998 0.00000000099999999998 
0.00000000099999999998 0.22636896948286974740 0.00000000099999999998 0.76508161842452904189 0.00000000099999999998 0.00854940909260124178 
0.00000000099999999978 0.99999999500000014141 0.00000000099999999978 0.00000000099999999978 0.00000000099999999978 0.00000000099999999978 
0.00000000099999999973 0.00000000099999999973 0.00000000099999999973 0.99999999499999991937 0.00000000099999999973 0.00000000099999999973 
0.59983002337830826356 0.00000000099999999989 0.00000000099999999989 0.00000000099999999989 0.40016997262169184957 0.00000000099999999989 
0.00000000099999999991 0.00000000099999999991 0.00000000099999999991 0.99999999500000003039 0.00000000099999999991 0.00000000099999999991 
0.00000000099999999976 0.99999999500000003039 0.00000000099999999976 0.00000000099999999976 0.00000000099999999976 0.00000000099999999976 
0.00000000099999999978 0.00000000099999999978 0.00000000099999999978 0.99999999499999991937 0.00000000099999999978 0.00000000099999999978 
0.00000000099999999974 0.99999999500000003039 0.00000000099999999974 0.00000000099999999974 0.00000000099999999974 0.00000000099999999974 
0.00000000099999999984 0.00000000099999999984 0.00000000099999999984 0.00000000099999999984 0.00000000099999999984 0.99999999499999991937 
0.00000000099999999980 0.00000000099999999980 0.00000000099999999980 0.00000000099999999980 0.00000000099999999980 0.99999999499999991937 
0.00000000099999999983 0.00000000099999999983 0.00000000099999999983 0.00000000099999999983 0.00000000099999999983 0.99999999500000003039 
0.00000000099999999981 0.00000000099999999981 0.99999999499999991937 0.00000000099999999981 0.00000000099999999981 0.00000000099999999981 
0.00000000099999999983 0.00000000099999999983 0.99999999500000003039 0.00000000099999999983 0.00000000099999999983 0.00000000099999999983 
0.00000000099999999982 0.00000000099999999982 0.00000000099999999982 0.00000000099999999982 0.00000000099999999982 0.99999999499999991937 
0.00000000099999999978 0.00000000099999999978 0.00000000099999999978 0.00000000099999999978 0.00000000099999999978 0.99999999499999991937 
0.00000000099999999979 0.00000000099999999979 0.00000000099999999979 0.00000000099999999979 0.00000000099999999979 0.99999999499999991937 
0.00000000099999999981 0.00000000099999999981 0.99999999499999991937 0.00000000099999999981 0.00000000099999999981 0.00000000099999999981 
0.00000000099999999982 0.00000000099999999982 0.00000000099999999982 0.00000000099999999982 0.00000000099999999982 0.99999999499999991937 
0.00000000099999999983 0.00000000099999999983 0.00000000099999999983 0.00000000099999999983 0.00000000099999999983 0.99999999500000003039 
0.00000000099999999982 0.00000000099999999982 0.99999999499999991937 0.00000000099999999982 0.00000000099999999982 0.00000000099999999982 
0.00000000099999999981 0.00000000099999999981 0.99999999500000003039 0.00000000099999999981 0.00000000099999999981 0.00000000099999999981 
0.00000000099999999980 0.00000000099999999980 0.00000000099999999980 0.00000000099999999980 0.00000000099999999980 0.99999999500000003039 
0.00000000099999999984 0.26344211903483683024 0.00000000099999999984 0.73655787696516317187 0.00000000099999999984 0.00000000099999999984 
0.00000000099999999981 0.00000000099999999981 0.99999999500000003039 0.00000000099999999981 0.00000000099999999981 0.00000000099999999981 
0.09136249739312576890 0.00000000099999999994 0.23710364543188458542 0.00000000099999999994 0.00000000099999999994 0.67153385417498956400 
0.00000000099999999982 0.00000000099999999982 0.99999999499999991937 0.00000000099999999982 0.00000000099999999982 0.00000000099999999982 
0.00000000099999999977 0.00000000099999999977 0.99999999500000003039 0.00000000099999999977 0.00000000099999999977 0.00000000099999999977 
0.00000000099999999978 0.00000000099999999978 0.99999999500000003039 0.00000000099999999978 0.00000000099999999978 0.00000000099999999978 
