0.00000000099999999977 0.00000000099999999977 0.00000000099999999977 0.00000000099999999977 0.00000000099999999977 0.00000000099999999977 0.53777345842300872114 0.46222653457699119928 0.00000000099999999977 
0.00000000099999999980 0.00000000099999999980 0.48850250583939303084 0.00000000099999999980 0.27126309154530742207 0.00000000099999999980 0.24023439661529966127 0.00000000099999999980 0.00000000099999999980 
0.00000000099999999972 0.00000000099999999972 0.99999999200000011523 0.00000000099999999972 0.00000000099999999972 0.00000000099999999972 0.00000000099999999972 0.00000000099999999972 0.00000000099999999972 
0.00000000099999999978 0.00000000099999999978 0.00000000099999999978 0.00000000099999999978 0.99999999200000000421 0.00000000099999999978 0.00000000099999999978 0.00000000099999999978 0.00000000099999999978 
0.00000000099999999980 0.56650730587919972958 0.00000000099999999980 0.00000000099999999980 0.00000000099999999980 0.43349268712080046839 0.00000000099999999980 0.00000000099999999980 0.00000000099999999980 
0.00000000099999999972 0.00000000099999999972 0.00000000099999999972 0.00000000099999999972 0.99999999200000000421 0.00000000099999999972 0.00000000099999999972 0.00000000099999999972 0.00000000099999999972 
0.00000000099999999983 0.00000000099999999983 0.00000000099999999983 0.00000000099999999983 0.99999999200000011523 0.00000000099999999983 0.00000000099999999983 0.00000000099999999983 0.00000000099999999983 
0.00000000099999999979 0.00000000099999999979 0.00000000099999999979 0.00000000099999999979 0.00000001691092024724 0.00000000099999999979 0.49621543264208461954 0.50378454444699516390 0.00000000099999999979 
0.00000000099999999963 0.00000000099999999963 0.00000000099999999963 0.00000000099999999963 0.99999999200000000421 0.00000000099999999963 0.00000000099999999963 0.00000000099999999963 0.00000000099999999963 
0.00000000099999999980 0.00000000099999999980 0.00000000099999999980 0.00000000099999999980 0.99999999200000011523 0.00000000099999999980 0.00000000099999999980 0.00000000099999999980 0.00000000099999999980 
0.00000000099999999976 0.00000000099999999976 0.99999999200000011523 0.00000000099999999976 0.00000000099999999976 0.00000000099999999976 0.00000000099999999976 0.00000000099999999976 0.00000000099999999976 
0.00000000099999999980 0.00000000099999999980 0.53451372904712557421 0.00000000099999999980 0.46548626395287440172 0.00000000099999999980 0.00000000099999999980 0.00000000099999999980 0.00000000099999999980 
0.00000000099999999983 0.00000000099999999983 0.00000000099999999983 0.00000000099999999983 0.60492611531463524877 0.00000000099999999983 0.00000000099999999983 0.39507387768536472716 0.00000000099999999983 
0.00000000099999999962 0.00000000099999999962 0.00000000099999999962 0.00000000099999999962 0.00000000099999999962 0.00000000099999999962 0.99999999200000000421 0.00000000099999999962 0.00000000099999999962 
0.00000000099999999963 0.00000000099999999963 0.00000000099999999963 0.00000000099999999963 0.00000000099999999963 0.00000000099999999963 0.99999999200000000421 0.00000000099999999963 0.00000000099999999963 
0.00000000099999999970 0.00000000099999999970 0.00000000099999999970 0.00000000099999999970 0.00000000099999999970 0.00000000099999999970 0.00000000099999999970 0.99999999199999989319 0.00000000099999999970 
0.00000000099999999966 0.00000000099999999966 0.00000000099999999966 0.00000000099999999966 0.00000000099999999966 0.00000000099999999966 0.99999999199999989319 0.00000000099999999966 0.00000000099999999966 
0.00000000099999999983 0.00000000099999999983 0.35143941955560664692 0.00000000099999999983 0.00000000099999999983 0.00000000099999999983 0.29616696389938945710 0.35239361054500378811 0.00000000099999999983 
0.00000000099999999980 0.00000000099999999980 0.31961515310146154656 0.00000000099999999980 0.00000000099999999980 0.00000000099999999980 0.18174545403409333999 0.49863938686444497783 0.00000000099999999980 
0.00000000099999999982 0.00000000099999999982 0.40166930855742588591 0.00000000099999999982 0.00000000099999999982 0.00000000099999999982 0.00000000099999999982 0.59833068444257386798 0.00000000099999999982 
0.00000000099999999971 0.00000000099999999971 0.00000000099999999971 0.00000000099999999971 0.00000000099999999971 0.00000000099999999971 0.00000000099999999971 0.99999999199999989319 0.00000000099999999971 
0.00000000099999999975 0.00000000099999999975 0.99999999200000011523 0.00000000099999999975 0.00000000099999999975 0.00000000099999999975 0.00000000099999999975 0.00000000099999999975 0.00000000099999999975 
0.00000000099999999965 0.00000000099999999965 0.00000000099999999965 0.00000000099999999965 0.00000000099999999965 0.00000000099999999965 0.99999999200000000421 0.00000000099999999965 0.00000000099999999965 
0.00000000099999999983 0.00000000099999999983 0.20369298751796371949 0.00000000099999999983 0.20162872298995132558 0.00000000099999999983 0.12499917679111015312 0.46967910770097481832 0.00000000099999999983 
0.00000000099999999978 0.00000000099999999978 0.50835466161077491609 0.00000000099999999978 0.00000000099999999978 0.00000000099999999978 0.49164533138922517086 0.00000000099999999978 0.00000000099999999978 
0.00000000099999999975 0.00000000099999999975 0.00000000099999999975 0.00000000099999999975 0.00000000099999999975 0.00000000099999999975 0.00000000099999999975 0.99999999199999989319 0.00000000099999999975 
0.00000000099999999978 0.00000000099999999978 0.00000000099999999978 0.00000000099999999978 0.53833428612487332909 0.00000000099999999978 0.00000000099999999978 0.46166570687512664684 0.00000000099999999978 
0.00000000099999999981 0.00000000099999999981 0.28395811396593895193 0.00000000099999999981 0.21718660714659165922 0.00000000099999999981 0.00007332195534495856 0.49878195193212437886 0.00000000099999999981 
0.00000000099999999977 0.00000000099999999977 0.00000000099999999977 0.00000000099999999977 0.00000000099999999977 0.00000000099999999977 0.99999999200000000421 0.00000000099999999977 0.00000000099999999977 
0.00000000099999999973 0.00000000099999999973 0.00000000099999999973 0.00000000099999999973 0.00000000099999999973 0.00000000099999999973 0.00000000099999999973 0.99999999200000000421 0.00000000099999999973 
0.00000000099999999990 0.00000000099999999990 0.27631936906583642877 0.04307888030332041041 0.27778080492502410515 0.00000000099999999990 0.11203613208187869488 0.29078480962394021025 0.00000000099999999990 
0.00000000099999999978 0.00000000099999999978 0.26831913520218064750 0.00000000099999999978 0.00000000099999999978 0.00000000099999999978 0.30000473101572783241 0.43167612778209135671 0.00000000099999999978 
0.00000000099999999983 0.00000000099999999983 0.60307603046206870179 0.02070252443853885446 0.00000000099999999983 0.00000000099999999983 0.00000000099999999983 0.37622143909939259609 0.00000000099999999983 
0.00000000099999999972 0.00000000099999999972 0.00000000099999999972 0.00000000099999999972 0.00000000099999999972 0.00000000099999999972 0.00000000099999999972 0.99999999200000000421 0.00000000099999999972 
0.00000000099999999978 0.00000000099999999978 0.00000000099999999978 0.00000000099999999978 0.00000000099999999978 0.00000000099999999978 0.99999999199999989319 0.00000000099999999978 0.00000000099999999978 
0.00000000099999999978 0.00000000099999999978 0.50776787846582560615 0.00000000099999999978 0.49223211453417448080 0.00000000099999999978 0.00000000099999999978 0.00000000099999999978 0.00000000099999999978 
0.00000000099999999980 0.00000000099999999980 0.63149957292938940778 0.00000000099999999980 0.36850042007061073468 0.00000000099999999980 0.00000000099999999980 0.00000000099999999980 0.00000000099999999980 
0.00000000099999999970 0.00000000099999999970 0.00000000099999999970 0.00000000099999999970 0.00000000099999999970 0.00000000099999999970 0.00000000099999999970 0.99999999199999989319 0.00000000099999999970 
0.00000000099999999970 0.00000000099999999970 0.99999999200000000421 0.00000000099999999970 0.00000000099999999970 0.00000000099999999970 0.00000000099999999970 0.00000000099999999970 0.00000000099999999970 
0.00000000099999999984 0.00000000099999999984 0.35689734240150366995 0.00000000099999999984 0.00000000099999999984 0.00000000099999999984 0.00000000099999999984 0.64310265059849625047 0.00000000099999999984 
0.00000000099999999973 0.00000000099999999973 0.00000000099999999973 0.00000000099999999973 0.00000000099999999973 0.00000000099999999973 0.00000000099999999973 0.99999999199999989319 0.00000000099999999973 
0.00000000099999999967 0.00000000099999999967 0.00000000099999999967 0.00000000099999999967 0.99999999200000000421 0.00000000099999999967 0.00000000099999999967 0.00000000099999999967 0.00000000099999999967 
0.00000000099999999983 0.00000000099999999983 0.32813040425277889556 0.00769106341626892703 0.23579036664557548320 0.00000000099999999983 0.00000000099999999983 0.42319964172751839415 0.00518851995785838283 
0.00000000099999999981 0.00000000099999999981 0.34753181750544132056 0.00000000099999999981 0.00000000099999999981 0.00000000099999999981 0.00000000099999999981 0.65246817549455859986 0.00000000099999999981 
0.00000000099999999980 0.00000000099999999980 0.74793932677197327852 0.00000000099999999980 0.00000000099999999980 0.00000000099999999980 0.25206066622802675292 0.00000000099999999980 0.00000000099999999980 
0.00000000099999999979 0.00000000099999999979 0.66087955052162639102 0.00000000099999999979 0.00000000099999999979 0.00000000099999999979 0.00000000099999999979 0.33912044247837358490 0.00000000099999999979 
0.00000000099999999973 0.00000000099999999973 0.99999999200000000421 0.00000000099999999973 0.00000000099999999973 0.00000000099999999973 0.00000000099999999973 0.00000000099999999973 0.00000000099999999973 
0.00000000099999999966 0.00000000099999999966 0.00000000099999999966 0.00000000099999999966 0.99999999200000000421 0.00000000099999999966 0.00000000099999999966 0.00000000099999999966 0.00000000099999999966 
0.00000000099999999981 0.00000000099999999981 0.99999999200000011523 0.00000000099999999981 0.00000000099999999981 0.00000000099999999981 0.00000000099999999981 0.00000000099999999981 0.00000000099999999981 
0.00000000099999999982 0.00000000099999999982 0.53606671180196807658 0.00000000099999999982 0.18240930734253557599 0.00000000099999999982 0.00000000099999999982 0.27407437029502407233 0.00744960556047212941 
0.00000000099999999969 0.00000000099999999969 0.99999999200000011523 0.00000000099999999969 0.00000000099999999969 0.00000000099999999969 0.00000000099999999969 0.00000000099999999969 0.00000000099999999969 
0.00000000099999999981 0.00000000099999999981 0.35705886362521643829 0.00000000099999999981 0.20900577106370221703 0.00000000099999999981 0.43393535931108151438 0.00000000099999999981 0.00000000099999999981 
0.00000000099999999982 0.00000000099999999982 0.23868609995694431425 0.00000000099999999982 0.19563543943069169884 0.00000000099999999982 0.14641998592557359249 0.41925846968679036930 0.00000000099999999982 
0.00000000099999999978 0.00000000099999999978 0.99999999200000000421 0.00000000099999999978 0.00000000099999999978 0.00000000099999999978 0.00000000099999999978 0.00000000099999999978 0.00000000099999999978 
0.00000000099999999970 0.00000000099999999970 0.00000000099999999970 0.00000000099999999970 0.00000000099999999970 0.00000000099999999970 0.00000000099999999970 0.99999999200000000421 0.00000000099999999970 
0.00000000099999999976 0.00000000099999999976 0.67534627184325846105 0.00000000099999999976 0.32465371923935981702 0.00000000099999999976 0.00000000291738163654 0.00000000099999999976 0.00000000099999999976 
0.00000000099999999976 0.00000000099999999976 0.00000000099999999976 0.00000000099999999976 0.00000000099999999976 0.00000000099999999976 0.44251047035755114445 0.55748952264244888699 0.00000000099999999976 
0.00000000099999999986 0.00000000099999999986 0.44141724323555259213 0.00000000099999999986 0.55858271065993525539 0.00000000099999999986 0.00000000099999999986 0.00000004010451211721 0.00000000099999999986 
0.00000000099999999978 0.00000000099999999978 0.56806893210933773197 0.00000000099999999978 0.00000000099999999978 0.00000000099999999978 0.43193106089066235498 0.00000000099999999978 0.00000000099999999978 
0.24101256457439024228 0.00043554781647590218 0.00000000099999999970 0.00000000099999999970 0.00000000099999999970 0.75855188160913378237 0.00000000099999999970 0.00000000099999999970 0.00000000099999999970 
0.39099097431334634001 0.25027730699521127944 0.00000000099999999995 0.00000000099999999995 0.00000000099999999995 0.35873171269144255024 0.00000000099999999995 0.00000000099999999995 0.00000000099999999995 
0.99999999200000011523 0.00000000099999999959 0.00000000099999999959 0.00000000099999999959 0.00000000099999999959 0.00000000099999999959 0.00000000099999999959 0.00000000099999999959 0.00000000099999999959 
0.00000000099999999974 0.00000000099999999974 0.00000000099999999974 0.99999999200000011523 0.00000000099999999974 0.00000000099999999974 0.00000000099999999974 0.00000000099999999974 0.00000000099999999974 
0.00000000099999999971 0.00000000099999999971 0.00000000099999999971 0.00000000099999999971 0.00000000099999999971 0.00000000099999999971 0.00000000099999999971 0.00000000099999999971 0.99999999199999989319 
0.29966828668819156523 0.62417015920221652348 0.00000000099999999968 0.00000000099999999968 0.00000000099999999968 0.07616154810959206711 0.00000000099999999968 0.00000000099999999968 0.00000000099999999968 
0.20268454688036588451 0.45429834790853063087 0.00000000099999999971 0.00000000099999999971 0.00000000099999999971 0.34301709921110346002 0.00000000099999999971 0.00000000099999999971 0.00000000099999999971 
0.00000000099999999965 0.99999999200000011523 0.00000000099999999965 0.00000000099999999965 0.00000000099999999965 0.00000000099999999965 0.00000000099999999965 0.00000000099999999965 0.00000000099999999965 
0.00000000099999999964 0.00000000099999999964 0.00000000099999999964 0.00000000099999999964 0.00000000099999999964 0.99999999200000000421 0.00000000099999999964 0.00000000099999999964 0.00000000099999999964 
0.00000000099999999961 0.00000000099999999961 0.00000000099999999961 0.00000000099999999961 0.00000000099999999961 0.99999999200000011523 0.00000000099999999961 0.00000000099999999961 0.00000000099999999961 
0.00000000099999999962 0.99999999200000022626 0.00000000099999999962 0.00000000099999999962 0.00000000099999999962 0.00000000099999999962 0.00000000099999999962 0.00000000099999999962 0.00000000099999999962 
0.00000000099999999959 0.00000000099999999959 0.00000000099999999959 0.00000000099999999959 0.00000000099999999959 0.99999999200000011523 0.00000000099999999959 0.00000000099999999959 0.00000000099999999959 
0.34024696881269367310 0.00000000669172869733 0.00000000099999999968 0.00000000099999999968 0.00000000099999999968 0.65975301849557743683 0.00000000099999999968 0.00000000099999999968 0.00000000099999999968 
0.00000000099999999958 0.00000000099999999958 0.00000000099999999958 0.00000000099999999958 0.00000000099999999958 0.99999999200000011523 0.00000000099999999958 0.00000000099999999958 0.00000000099999999958 
0.53829633685617817029 0.00000000099999999966 0.00000000099999999966 0.00000000099999999966 0.00000000099999999966 0.46170365614382202768 0.00000000099999999966 0.00000000099999999966 0.00000000099999999966 
0.99999999200000011523 0.00000000099999999950 0.00000000099999999950 0.00000000099999999950 0.00000000099999999950 0.00000000099999999950 0.00000000099999999950 0.00000000099999999950 0.00000000099999999950 
0.99999999200000011523 0.00000000099999999961 0.00000000099999999961 0.00000000099999999961 0.00000000099999999961 0.00000000099999999961 0.00000000099999999961 0.00000000099999999961 0.00000000099999999961 
0.00000000099999999966 0.99999999200000011523 0.00000000099999999966 0.00000000099999999966 0.00000000099999999966 0.00000000099999999966 0.00000000099999999966 0.00000000099999999966 0.00000000099999999966 
0.00000000099999999954 0.00000000099999999954 0.00000000099999999954 0.00000000099999999954 0.00000000099999999954 0.99999999200000011523 0.00000000099999999954 0.00000000099999999954 0.00000000099999999954 
0.00000000099999999970 0.36869190531159035107 0.00000000099999999970 0.00000000099999999970 0.00000000099999999970 0.63130808768840951384 0.00000000099999999970 0.00000000099999999970 0.00000000099999999970 
0.31964949330434583308 0.68035048018542554349 0.00000000099999999968 0.00000000099999999968 0.00000000099999999968 0.00000002051022869187 0.00000000099999999968 0.00000000099999999968 0.00000000099999999968 
0.00000000099999999970 0.54167453359663386703 0.00000000099999999970 0.00000000099999999970 0.00000000099999999970 0.45832545940336616441 0.00000000099999999970 0.00000000099999999970 0.00000000099999999970 
0.00000000099999999974 0.33908939405922777777 0.00000000099999999974 0.00000000099999999974 0.00000000099999999974 0.66091059894077219816 0.00000000099999999974 0.00000000099999999974 0.00000000099999999974 
0.00000000099999999960 0.00000000099999999960 0.00000000099999999960 0.00000000099999999960 0.00000000099999999960 0.99999999200000011523 0.00000000099999999960 0.00000000099999999960 0.00000000099999999960 
0.00000000102142256596 0.59193014069742500016 0.00000000099999999979 0.00000000099999999979 0.00000000099999999979 0.40806985228115250086 0.00000000099999999979 0.00000000099999999979 0.00000000099999999979 
0.24386985777653905072 0.42442563953559259149 0.00000000099999999972 0.00000000099999999972 0.00000000099999999972 0.33170449668786833319 0.00000000099999999972 0.00000000099999999972 0.00000000099999999972 
0.99999999200000022626 0.00000000099999999953 0.00000000099999999953 0.00000000099999999953 0.00000000099999999953 0.00000000099999999953 0.00000000099999999953 0.00000000099999999953 0.00000000099999999953 
0.00000000099999999963 0.35674137177142212218 0.00000000099999999963 0.00000000099999999963 0.00000000099999999963 0.64325862122857779823 0.00000000099999999963 0.00000000099999999963 0.00000000099999999963 
0.00000000099999999963 0.99999999200000022626 0.00000000099999999963 0.00000000099999999963 0.00000000099999999963 0.00000000099999999963 0.00000000099999999963 0.00000000099999999963 0.00000000099999999963 
0.37743419190515797856 0.62256580109484205288 0.00000000099999999968 0.00000000099999999968 0.00000000099999999968 0.00000000099999999968 0.00000000099999999968 0.00000000099999999968 0.00000000099999999968 
0.99999999200000011523 0.00000000099999999947 0.00000000099999999947 0.00000000099999999947 0.00000000099999999947 0.00000000099999999947 0.00000000099999999947 0.00000000099999999947 0.00000000099999999947 
0.43530121343965022529 0.32840091266283510940 0.00000000099999999968 0.00000000099999999968 0.00000000099999999968 0.23629786789751464071 0.00000000099999999968 0.00000000099999999968 0.00000000099999999968 
0.00000000099999999978 0.00000000099999999978 0.00000000099999999978 0.00000000099999999978 0.00000000099999999978 0.00000000099999999978 0.00000000099999999978 0.00000000099999999978 0.99999999200000000421 
0.00000000099999999971 0.00000000099999999971 0.00000000099999999971 0.00000000099999999971 0.00000000099999999971 0.00000000099999999971 0.00000000099999999971 0.00000000099999999971 0.99999999200000000421 
0.34103208223582470726 0.65896791076417549071 0.00000000099999999966 0.00000000099999999966 0.00000000099999999966 0.00000000099999999966 0.00000000099999999966 0.00000000099999999966 0.00000000099999999966 
0.37994829487025544301 0.30487510511755644416 0.00000000099999999975 0.00000000099999999975 0.00000000099999999975 0.31517659401218828252 0.00000000099999999975 0.00000000099999999975 0.00000000099999999975 
0.46269503483322638182 0.27860120274303451504 0.00000000099999999973 0.00000000099999999973 0.00000000099999999973 0.25870375642373921732 0.00000000099999999973 0.00000000099999999973 0.00000000099999999973 
0.21983509578370180604 0.43233224455790103535 0.00000000099999999980 0.00000000099999999980 0.00000000099999999980 0.34783265365839721728 0.00000000099999999980 0.00000000099999999980 0.00000000099999999980 
0.00000000099999999961 0.99999999200000022626 0.00000000099999999961 0.00000000099999999961 0.00000000099999999961 0.00000000099999999961 0.00000000099999999961 0.00000000099999999961 0.00000000099999999961 
0.00000000099999999979 0.31626296274142140508 0.00000000099999999979 0.00000000099999999979 0.00000000099999999979 0.68373703025857845983 0.00000000099999999979 0.00000000099999999979 0.00000000099999999979 
0.00000000099999999975 0.00000000099999999975 0.00000000099999999975 0.99999999200000011523 0.00000000099999999975 0.00000000099999999975 0.00000000099999999975 0.00000000099999999975 0.00000000099999999975 
0.00000000099999999983 0.00000000099999999983 0.00000000099999999983 0.99999999200000011523 0.00000000099999999983 0.00000000099999999983 0.00000000099999999983 0.00000000099999999983 0.00000000099999999983 
0.23465630132473550007 0.76534369167526450362 0.00000000099999999973 0.00000000099999999973 0.00000000099999999973 0.00000000099999999973 0.00000000099999999973 0.00000000099999999973 0.00000000099999999973 
0.37977854010643380400 0.30456976394713503042 0.00000000099999999977 0.00000000099999999977 0.00000000099999999977 0.31565168994643122424 0.00000000099999999977 0.00000000099999999977 0.00000000099999999977 
0.00000000099999999987 0.41855904373336921820 0.00000000099999999987 0.00000000099999999987 0.00000000099999999987 0.58144094926663070222 0.00000000099999999987 0.00000000099999999987 0.00000000099999999987 
0.00000000099999999968 0.00000000099999999968 0.00000000099999999968 0.00000000099999999968 0.00000000099999999968 0.99999999200000011523 0.00000000099999999968 0.00000000099999999968 0.00000000099999999968 
0.00000000099999999990 0.36095737602926142307 0.00000000099999999990 0.00000000099999999990 0.00000000099999999990 0.63904261697073838633 0.00000000099999999990 0.00000000099999999990 0.00000000099999999990 
0.00000000099999999978 0.99999999200000011523 0.00000000099999999978 0.00000000099999999978 0.00000000099999999978 0.00000000099999999978 0.00000000099999999978 0.00000000099999999978 0.00000000099999999978 
0.00148198512633677319 0.00000000099999999968 0.00000000099999999968 0.00000000099999999968 0.00000000099999999968 0.99851800787366329359 0.00000000099999999968 0.00000000099999999968 0.00000000099999999968 
0.00000000099999999951 0.99999999200000011523 0.00000000099999999951 0.00000000099999999951 0.00000000099999999951 0.00000000099999999951 0.00000000099999999951 0.00000000099999999951 0.00000000099999999951 
0.00000000099999999972 0.00000000099999999972 0.00000000099999999972 0.00000000099999999972 0.99999999200000011523 0.00000000099999999972 0.00000000099999999972 0.00000000099999999972 0.00000000099999999972 
0.00000000099999999976 0.99999999200000022626 0.00000000099999999976 0.00000000099999999976 0.00000000099999999976 0.00000000099999999976 0.00000000099999999976 0.00000000099999999976 0.00000000099999999976 
0.99999999200000011523 0.00000000099999999952 0.00000000099999999952 0.00000000099999999952 0.00000000099999999952 0.00000000099999999952 0.00000000099999999952 0.00000000099999999952 0.00000000099999999952 
0.00000000099999999958 0.99999999200000011523 0.00000000099999999958 0.00000000099999999958 0.00000000099999999958 0.00000000099999999958 0.00000000099999999958 0.00000000099999999958 0.00000000099999999958 
0.99999999200000022626 0.00000000099999999951 0.00000000099999999951 0.00000000099999999951 0.00000000099999999951 0.00000000099999999951 0.00000000099999999951 0.00000000099999999951 0.00000000099999999951 
0.00000000099999999974 0.00000000099999999974 0.00000000099999999974 0.99999999200000011523 0.00000000099999999974 0.00000000099999999974 0.00000000099999999974 0.00000000099999999974 0.00000000099999999974 
0.00000000099999999969 0.00000000099999999969 0.00000000099999999969 0.99999999200000000421 0.00000000099999999969 0.00000000099999999969 0.00000000099999999969 0.00000000099999999969 0.00000000099999999969 
0.00000000099999999972 0.00000000099999999972 0.00000000099999999972 0.99999999200000000421 0.00000000099999999972 0.00000000099999999972 0.00000000099999999972 0.00000000099999999972 0.00000000099999999972 
0.00000000099999999969 0.00000000099999999969 0.00000000099999999969 0.00000000099999999969 0.00000000099999999969 0.00000000099999999969 0.00000000099999999969 0.00000000099999999969 0.99999999199999989319 
0.00000000099999999973 0.00000000099999999973 0.00000000099999999973 0.00000000099999999973 0.00000000099999999973 0.00000000099999999973 0.00000000099999999973 0.00000000099999999973 0.99999999199999989319 
0.00000000099999999972 0.00000000099999999972 0.00000000099999999972 0.99999999200000011523 0.00000000099999999972 0.00000000099999999972 0.00000000099999999972 0.00000000099999999972 0.00000000099999999972 
0.00000000099999999965 0.00000000099999999965 0.00000000099999999965 0.99999999200000011523 0.00000000099999999965 0.00000000099999999965 0.00000000099999999965 0.00000000099999999965 0.00000000099999999965 
0.00000000099999999967 0.00000000099999999967 0.00000000099999999967 0.99999999200000011523 0.00000000099999999967 0.00000000099999999967 0.00000000099999999967 0.00000000099999999967 0.00000000099999999967 
0.00000000099999999969 0.00000000099999999969 0.00000000099999999969 0.00000000099999999969 0.00000000099999999969 0.00000000099999999969 0.00000000099999999969 0.00000000099999999969 0.99999999200000000421 
0.00000000099999999972 0.00000000099999999972 0.00000000099999999972 0.99999999200000011523 0.00000000099999999972 0.00000000099999999972 0.00000000099999999972 0.00000000099999999972 0.00000000099999999972 
0.00000000099999999973 0.00000000099999999973 0.00000000099999999973 0.99999999200000011523 0.00000000099999999973 0.00000000099999999973 0.00000000099999999973 0.00000000099999999973 0.00000000099999999973 
0.00000000099999999973 0.00000000099999999973 0.00000000099999999973 0.00000000099999999973 0.00000000099999999973 0.00000000099999999973 0.00000000099999999973 0.00000000099999999973 0.99999999200000000421 
0.00000000099999999969 0.00000000099999999969 0.00000000099999999969 0.00000000099999999969 0.00000000099999999969 0.00000000099999999969 0.00000000099999999969 0.00000000099999999969 0.99999999200000000421 
0.00000000099999999969 0.00000000099999999969 0.00000000099999999969 0.99999999200000000421 0.00000000099999999969 0.00000000099999999969 0.00000000099999999969 0.00000000099999999969 0.00000000099999999969 
0.00000000099999999963 0.00000000099999999963 0.00000000099999999963 0.00000000099999999963 0.00000000099999999963 0.99999999200000011523 0.00000000099999999963 0.00000000099999999963 0.00000000099999999963 
0.00000000099999999970 0.00000000099999999970 0.00000000099999999970 0.00000000099999999970 0.00000000099999999970 0.00000000099999999970 0.00000000099999999970 0.00000000099999999970 0.99999999200000000421 
0.00000000099999999989 0.00000000099999999989 0.00000000099999999989 0.65894840385681774375 0.11757593390782788978 0.00000000099999999989 0.00000000099999999989 0.00000000099999999989 0.22347565623535456392 
0.00000000099999999971 0.00000000099999999971 0.00000000099999999971 0.00000000099999999971 0.00000000099999999971 0.00000000099999999971 0.00000000099999999971 0.00000000099999999971 0.99999999199999989319 
0.00000000099999999965 0.00000000099999999965 0.00000000099999999965 0.00000000099999999965 0.00000000099999999965 0.00000000099999999965 0.00000000099999999965 0.00000000099999999965 0.99999999199999989319 
0.00000000099999999965 0.00000000099999999965 0.00000000099999999965 0.00000000099999999965 0.00000000099999999965 0.00000000099999999965 0.00000000099999999965 0.00000000099999999965 0.99999999200000000421 
