0.0109489 0.0120925 0.0030529 0.6904768 0.0001460 0.2832828
0.0068456 0.0219962 0.0001000 0.6903098 0.0001000 0.2806484
0.0051101 0.0457905 0.0001000 0.6748109 0.0001000 0.2740885
0.0620982 0.0216441 0.0001000 0.6502860 0.0001000 0.2657716
0.0072149 0.0028600 0.7742140 0.0077120 0.2044865 0.0035125
0.0420471 0.0000999 0.0000999 0.6794697 0.0000999 0.2781835
0.0499391 0.0000997 0.0073971 0.6670322 0.0006949 0.2748369
0.0268494 0.0051269 0.0062070 0.6813658 0.0007374 0.2797135
0.0425226 0.0000997 0.0016241 0.6768759 0.0000997 0.2787780
0.0276433 0.0477539 0.0003319 0.6554444 0.0001000 0.2687266
0.0057823 0.0000999 0.0111090 0.6950606 0.0018317 0.2861165
0.0270370 0.0108318 0.0023880 0.6804991 0.0001000 0.2791440
0.0283009 0.0039274 0.0100244 0.6777676 0.0015948 0.2783849
0.0172826 0.0000994 0.0024430 0.6935976 0.0000994 0.2864780
0.0096738 0.0331473 0.0001000 0.6787982 0.0001000 0.2781807
0.0000999 0.0179306 0.0046896 0.6927270 0.0006306 0.2839222
0.0000999 0.0721782 0.0030243 0.6558886 0.0001648 0.2686442
0.0204824 0.0330854 0.0001000 0.6713071 0.0001000 0.2749251
0.0001000 0.0069238 0.0036273 0.7013011 0.0003849 0.2876629
0.0275899 0.0202731 0.0053665 0.6709034 0.0005137 0.2753535
0.0001000 0.0157982 0.0060163 0.6929175 0.0008250 0.2843430
0.0383340 0.0043282 0.0037908 0.6759740 0.0002149 0.2773581
0.0409501 0.0000998 0.0071882 0.6736562 0.0007160 0.2773897
0.0189980 0.0187062 0.0001000 0.6833768 0.0001000 0.2787190
0.0088728 0.0000999 0.0024464 0.7008056 0.0000999 0.2876753
0.0299549 0.0114572 0.0097504 0.6715404 0.0015034 0.2757938
0.0208539 0.0090879 0.0001000 0.6881391 0.0001000 0.2817191
0.0316860 0.0253640 0.0001000 0.6699306 0.0001000 0.2728194
0.0411749 0.0000999 0.0049409 0.6756678 0.0003241 0.2777924
0.0001000 0.0024248 0.0173162 0.6921899 0.0035178 0.2844512
0.0243645 0.0001000 0.0063560 0.6864765 0.0007831 0.2819199
0.0109354 0.0018231 0.0015931 0.6988940 0.0001000 0.2866544
0.0456470 0.0218405 0.0027275 0.6592759 0.0001003 0.2704090
0.0055363 0.0450580 0.0034937 0.6706076 0.0001659 0.2751384
0.0105787 0.0054583 0.0110105 0.6882853 0.0018922 0.2827750
0.0284628 0.0310924 0.0001000 0.6687928 0.0001000 0.2714519
0.0000999 0.0123940 0.0069783 0.6945725 0.0011456 0.2848097
0.0000999 0.0271257 0.0049687 0.6859786 0.0006348 0.2811923
0.0164563 0.0232794 0.0001000 0.6821550 0.0001000 0.2779092
0.0343910 0.0319024 0.0026668 0.6601543 0.0001002 0.2707852
0.0101494 0.0134434 0.0024296 0.6905906 0.0001000 0.2832869
0.0001000 0.0399828 0.0001000 0.6811266 0.0001000 0.2785906
0.0526455 0.0194227 0.0001000 0.6592385 0.0001000 0.2684934
0.0034274 0.0409478 0.0048469 0.6738088 0.0004433 0.2765258
0.0333593 0.0072100 0.0059723 0.6755141 0.0006615 0.2772828
0.0217537 0.0014187 0.0053173 0.6883613 0.0005869 0.2825620
0.0134150 0.0162993 0.0020814 0.6865119 0.0001000 0.2815924
0.0692013 0.0001000 0.0001000 0.6614242 0.0001000 0.2690745
0.0066245 0.0041304 0.0084843 0.6942669 0.0013504 0.2851435
0.0159273 0.0608877 0.0001000 0.6566914 0.0001000 0.2662936
0.0054844 0.0224479 0.0001000 0.6897908 0.0001000 0.2820768
0.0000999 0.0327048 0.0067135 0.6804600 0.0009716 0.2790501
0.0113224 0.0045154 0.0020941 0.6963345 0.0001000 0.2856335
0.0093904 0.0198869 0.0164950 0.6740395 0.0031530 0.2770353
0.0000999 0.0246734 0.0016225 0.6906634 0.0000999 0.2828409
0.0122134 0.0154333 0.0001000 0.6903092 0.0001000 0.2818441
0.0162607 0.0001000 0.0054818 0.6929335 0.0006190 0.2846050
0.0065176 0.0216977 0.0050192 0.6850831 0.0005120 0.2811705
0.0236359 0.0133424 0.0005078 0.6825429 0.0001000 0.2798710
0.0190819 0.0000998 0.7757786 0.0000998 0.2048400 0.0000998
0.0181302 0.0005018 0.7549829 0.0189273 0.1992922 0.0081655
0.0009594 0.0195348 0.7743985 0.0001000 0.2049073 0.0001000
0.9878030 0.0048727 0.0041849 0.0022487 0.0007908 0.0001000
0.0183689 0.9800155 0.0013131 0.0001000 0.0001025 0.0001000
0.0001251 0.0071867 0.7849001 0.0001000 0.2075881 0.0001000
0.0000999 0.0061666 0.7841399 0.0021017 0.2072290 0.0002628
0.0000997 0.0000997 0.7764152 0.0127864 0.2048647 0.0057343
0.0072046 0.0063047 0.7745855 0.0049432 0.2045861 0.0023759
0.0001000 0.0011872 0.7768015 0.0116656 0.2052113 0.0050343
0.0031792 0.0169398 0.7707320 0.0037350 0.2035294 0.0018845
0.0001000 0.0137380 0.7798607 0.0001000 0.2061014 0.0001000
0.0001000 0.0092437 0.7834045 0.0001000 0.2070519 0.0001000
0.0069356 0.0000999 0.7790929 0.0052592 0.2057724 0.0028400
0.0058553 0.0029904 0.7815174 0.0019667 0.2065420 0.0011281
0.0046872 0.0087754 0.7799438 0.0001000 0.2063936 0.0001000
0.0099078 0.0107043 0.7745362 0.0001000 0.2046517 0.0001000
0.0000996 0.0000996 0.7793092 0.0103967 0.2056247 0.0044700
0.0000999 0.0048283 0.7866738 0.0000999 0.2081981 0.0000999
0.0000999 0.0146538 0.7772328 0.0023353 0.2052513 0.0004269
0.0066619 0.0000998 0.7819144 0.0027600 0.2065358 0.0020280
0.0056692 0.0001000 0.7851713 0.0007993 0.2075941 0.0006662
0.0209817 0.0000995 0.7744133 0.0000995 0.2043064 0.0000995
0.0088932 0.0000999 0.7834446 0.0000999 0.2073623 0.0000999
0.0094408 0.0061376 0.7784746 0.0001000 0.2057470 0.0001000
0.0000999 0.0122571 0.7787322 0.0024815 0.2056900 0.0007391
0.0121941 0.0001000 0.7810199 0.0001000 0.2064861 0.0001000
0.0000999 0.0004748 0.7828807 0.0076019 0.2068660 0.0020768
0.0001000 0.0001005 0.7824025 0.0076217 0.2067719 0.0030035
0.0155585 0.0005474 0.7780848 0.0001000 0.2056093 0.0001000
0.0078505 0.0001000 0.7843464 0.0001000 0.2075033 0.0001000
0.0108769 0.0000999 0.7819774 0.0000999 0.2068461 0.0000999
0.0470098 0.9224538 0.0105485 0.0139268 0.0016243 0.0044367
0.0552309 0.9286993 0.0001000 0.0128784 0.0001000 0.0029915
0.0142092 0.0000999 0.7771018 0.0019752 0.2052563 0.0013576
0.0001000 0.0109372 0.7796780 0.0023340 0.2059836 0.0009672
0.0082267 0.0001000 0.7818347 0.0020130 0.2066274 0.0011983
0.0000999 0.0000999 0.7881851 0.0018728 0.2084212 0.0013211
0.0000998 0.0000998 0.7841732 0.0056044 0.2071763 0.0028464
0.0012125 0.0003153 0.7837264 0.0051557 0.2071857 0.0024043
0.9486352 0.0315849 0.0018020 0.0152672 0.0001000 0.0026106
0.9736137 0.0000998 0.0011961 0.0198696 0.0000998 0.0051210
0.0000998 0.0000998 0.7904763 0.0000998 0.2091244 0.0000998
0.0042879 0.0000999 0.7818503 0.0047239 0.2066004 0.0024374
0.0158856 0.0000999 0.7721345 0.0052324 0.2038467 0.0028009
0.0084179 0.0012651 0.7734205 0.0087022 0.2042691 0.0039253
0.0158692 0.0000998 0.7580845 0.0177448 0.1999371 0.0082646
0.0001000 0.0150886 0.7643869 0.0133762 0.2017476 0.0053008
0.0120299 0.0000999 0.7811276 0.0000999 0.2065428 0.0000999
0.0000997 0.0000997 0.7847551 0.0054608 0.2072245 0.0023602
0.0001000 0.0373001 0.0019058 0.6812950 0.0001000 0.2792991
0.0001000 0.0013525 0.7632660 0.0238294 0.2015081 0.0099441
0.0073156 0.0137940 0.7739727 0.0001000 0.2047178 0.0001000
0.0066094 0.0000999 0.7764585 0.0078734 0.2050269 0.0039319
0.0109654 0.0001000 0.7819427 0.0001000 0.2067920 0.0001000
0.9542981 0.0075923 0.0086011 0.0223668 0.0013592 0.0057825
0.9558927 0.0104923 0.0001000 0.0276999 0.0001000 0.0057150
0.9113907 0.0757973 0.0034873 0.0089097 0.0001689 0.0002461
0.0001000 0.9995002 0.0001000 0.0001000 0.0001000 0.0001000
0.0243521 0.9587427 0.0139334 0.0001000 0.0027718 0.0001000
0.9539779 0.0177088 0.0001000 0.0234311 0.0001000 0.0046822
0.9969111 0.0000997 0.0010925 0.0000997 0.0016973 0.0000997
0.9756967 0.0180634 0.0001000 0.0059399 0.0001000 0.0001000
0.0716772 0.9209362 0.0013042 0.0053793 0.0001000 0.0006031
0.9514270 0.0405677 0.0062148 0.0001000 0.0015904 0.0001000
0.9340988 0.0476770 0.0016931 0.0142508 0.0001000 0.0021804
0.0128049 0.9310395 0.0001000 0.0415194 0.0001000 0.0144363
0.0161097 0.9765163 0.0059739 0.0001000 0.0012002 0.0001000
0.9328586 0.0231940 0.0001000 0.0366117 0.0001000 0.0071356
0.0064643 0.0000999 0.7757474 0.0085751 0.2048098 0.0043035
0.0027530 0.9644909 0.0024592 0.0225563 0.0001020 0.0076386
0.6390460 0.2208895 0.0169553 0.0870265 0.0030813 0.0330013
0.0001000 0.9579561 0.0011708 0.0301507 0.0001001 0.0105223
0.0031459 0.9721686 0.0001000 0.0207461 0.0001000 0.0037395
0.0001000 0.9917916 0.0048231 0.0023391 0.0008464 0.0001000
