0.0032587 0.0120095 0.9737381 0.0001000 0.0108936
0.0001000 0.0222120 0.9710449 0.0001000 0.0065431
0.0001000 0.0460688 0.9489582 0.0001000 0.0047730
0.0001000 0.0217714 0.9160193 0.0001000 0.0620092
0.8629180 0.0027412 0.0111545 0.1159100 0.0072762
0.0000999 0.0000999 0.9577224 0.0000999 0.0419779
0.0064475 0.0000997 0.9419746 0.0017902 0.0496880
0.0068059 0.0050134 0.9610414 0.0003125 0.0268267
0.0003426 0.0000997 0.9558440 0.0014595 0.0422543
0.0005108 0.0478169 0.9240701 0.0001000 0.0275021
0.0113647 0.0000999 0.9811344 0.0017106 0.0056904
0.0025504 0.0107960 0.9595821 0.0001000 0.0269714
0.0110582 0.0037776 0.9561165 0.0007460 0.0283017
0.0001001 0.0000995 0.9804316 0.0024931 0.0168757
0.0001000 0.0332488 0.9569371 0.0001000 0.0096141
0.0054232 0.0178810 0.9764960 0.0000999 0.0000999
0.0032614 0.0721169 0.9244218 0.0000999 0.0000999
0.0001000 0.0332185 0.9462027 0.0001000 0.0203788
0.0040668 0.0068373 0.9888960 0.0001000 0.0001000
0.0058868 0.0201869 0.9461973 0.0001686 0.0275604
0.0069236 0.0156750 0.9772015 0.0001000 0.0001000
0.0040682 0.0042498 0.9532799 0.0001000 0.0383021
0.0065128 0.0000998 0.9511338 0.0015386 0.0407150
0.0001000 0.0188730 0.9620969 0.0001000 0.0188301
0.0023814 0.0000999 0.9884616 0.0002946 0.0087625
0.0107673 0.0113127 0.9472860 0.0006713 0.0299628
0.0001000 0.0091815 0.9698597 0.0001000 0.0207588
0.0001000 0.0255575 0.9427263 0.0001000 0.0315162
0.0045469 0.0000999 0.9534919 0.0008569 0.0410044
0.0196478 0.0022608 0.9766065 0.0013849 0.0001000
0.0068141 0.0001000 0.9683536 0.0004823 0.0242501
0.0017417 0.0018201 0.9855163 0.0001000 0.0108219
0.0028961 0.0218162 0.9296021 0.0001000 0.0455856
0.0037299 0.0449812 0.9456725 0.0001000 0.0055164
0.0121725 0.0052909 0.9710464 0.0009087 0.0105814
0.0001000 0.0313389 0.9402353 0.0001000 0.0282259
0.0082592 0.0122948 0.9792462 0.0000999 0.0000999
0.0057051 0.0270710 0.9670241 0.0000999 0.0000999
0.0001000 0.0234736 0.9600735 0.0001000 0.0162529
0.0028338 0.0318941 0.9308643 0.0001000 0.0343078
0.0025867 0.0133811 0.9738498 0.0001000 0.0100824
0.0001000 0.0400520 0.9596481 0.0001000 0.0001000
0.0001000 0.0195846 0.9277003 0.0001000 0.0525150
0.0053335 0.0408298 0.9502590 0.0001251 0.0034525
0.0065474 0.0070975 0.9527430 0.0002624 0.0333497
0.0058081 0.0013248 0.9709060 0.0002581 0.0217031
0.0022435 0.0162661 0.9680541 0.0001000 0.0133363
0.0001000 0.0001000 0.9305514 0.0001000 0.0691487
0.0093583 0.0039914 0.9793726 0.0006438 0.0066339
0.0001000 0.0611731 0.9230335 0.0001000 0.0155935
0.0001000 0.0225536 0.9718795 0.0001000 0.0053668
0.0078047 0.0326131 0.9593824 0.0000999 0.0000999
0.0022443 0.0044770 0.9819517 0.0001000 0.0112270
0.0182983 0.0196880 0.9510479 0.0015261 0.0094396
0.0017756 0.0246882 0.9733363 0.0000999 0.0000999
0.0001000 0.0155634 0.9721868 0.0001000 0.0120498
0.0057354 0.0001000 0.9775221 0.0005115 0.0161310
0.0055259 0.0215781 0.9662004 0.0001748 0.0065208
0.0006787 0.0133697 0.9623232 0.0001000 0.0235283
0.8635387 0.0000998 0.0000998 0.1172224 0.0190392
0.8414058 0.0003625 0.0269833 0.1129699 0.0182785
0.8638748 0.0195500 0.0000999 0.1154417 0.0010336
0.0049357 0.0049519 0.0013542 0.0003932 0.9883651
0.0015522 0.9799165 0.0001000 0.0001000 0.0183313
0.8750876 0.0071828 0.0001000 0.1174253 0.0002042
0.8754908 0.0060374 0.0025139 0.1158580 0.0000999
0.8649097 0.0000997 0.0183781 0.1165127 0.0000997
0.8633507 0.0061716 0.0072841 0.1159281 0.0072655
0.8659790 0.0011289 0.0166210 0.1161712 0.0001000
0.8591110 0.0167470 0.0056086 0.1152451 0.0032883
0.8698157 0.0137670 0.0001000 0.1162173 0.0001000
0.8740647 0.0092715 0.0001000 0.1164638 0.0001000
0.8676400 0.0000999 0.0080154 0.1173521 0.0068925
0.8710540 0.0028941 0.0030865 0.1170586 0.0059068
0.8699093 0.0087665 0.0001000 0.1164466 0.0047776
0.8634326 0.0106445 0.0001000 0.1158156 0.0100072
0.8685206 0.0000996 0.0147489 0.1165313 0.0000996
0.8785385 0.0048332 0.0000999 0.1164285 0.0000999
0.8678123 0.0144373 0.0029318 0.1147186 0.0000999
0.8703105 0.0000998 0.0047198 0.1182711 0.0065988
0.8749913 0.0001000 0.0014311 0.1178027 0.0056749
0.8599848 0.0000996 0.0000996 0.1190484 0.0207676
0.8735851 0.0000999 0.0000999 0.1172909 0.0089242
0.8677948 0.0060939 0.0001000 0.1164769 0.0095344
0.8690463 0.0120820 0.0033450 0.1154267 0.0000999
0.8705079 0.0001000 0.0001000 0.1170565 0.0122357
0.8749204 0.0002728 0.0098057 0.1149012 0.0000999
0.8727458 0.0001000 0.0105751 0.1164792 0.0001000
0.8672069 0.0005199 0.0001000 0.1165515 0.0156217
0.8744086 0.0001000 0.0001000 0.1174915 0.0079000
0.8714225 0.0000999 0.0000999 0.1174897 0.0108881
0.0120090 0.9223134 0.0181806 0.0002357 0.0472612
0.0001000 0.9288946 0.0157070 0.0001000 0.0551984
0.8657052 0.0000999 0.0032842 0.1167546 0.0141561
0.8696093 0.0108047 0.0033790 0.1161070 0.0001000
0.8712521 0.0001000 0.0031738 0.1172574 0.0082168
0.8778172 0.0000999 0.0031370 0.1188460 0.0000999
0.8733397 0.0000998 0.0083771 0.1180836 0.0000998
0.8735136 0.0002542 0.0075221 0.1174438 0.0012662
0.0017566 0.0315795 0.0177230 0.0001000 0.9488409
0.0005391 0.0000999 0.0249086 0.0007164 0.9737360
0.8807235 0.0000998 0.0000998 0.1189770 0.0000998
0.8710231 0.0000999 0.0070979 0.1175020 0.0042771
0.8599945 0.0000999 0.0079516 0.1161280 0.0158259
0.8620139 0.0011505 0.0125491 0.1158079 0.0084786
0.8437335 0.0000998 0.0258633 0.1144629 0.0158404
0.8529966 0.0149936 0.0186758 0.1132339 0.0000999
0.8703739 0.0000999 0.0000999 0.1173822 0.0120441
0.8745695 0.0000997 0.0077689 0.1174623 0.0000997
0.0020666 0.0372703 0.9604631 0.0001000 0.0001000
0.8511394 0.0012646 0.0337581 0.1137380 0.0001000
0.8632321 0.0137595 0.0001000 0.1154911 0.0074173
0.8646915 0.0000999 0.0116932 0.1169426 0.0065728
0.8716295 0.0001000 0.0001000 0.1171621 0.0110085
0.0093512 0.0074545 0.0280228 0.0005781 0.9545934
0.0001000 0.0105564 0.0333504 0.0001000 0.9558931
0.0035220 0.0757385 0.0089987 0.0001000 0.9116407
0.0001000 0.9996001 0.0001000 0.0001000 0.0001000
0.0160628 0.9584913 0.0001000 0.0008036 0.0245422
0.0001000 0.0177608 0.0280166 0.0001000 0.9540225
0.0016603 0.0000997 0.0000997 0.0014668 0.9966736
0.0001000 0.0182403 0.0054748 0.0001000 0.9760848
0.0013578 0.9210607 0.0058611 0.0001000 0.0716204
0.0077747 0.0402427 0.0001000 0.0003045 0.9515781
0.0016416 0.0476757 0.0162808 0.0001000 0.9343020
0.0001000 0.9312193 0.0558699 0.0001000 0.0127108
0.0072724 0.9763635 0.0001000 0.0001022 0.0161620
0.0001000 0.0232888 0.0437701 0.0001000 0.9327410
0.8637448 0.0000999 0.0127565 0.1169760 0.0064228
0.0025197 0.9646456 0.0300440 0.0001000 0.0026907
0.0187457 0.2207197 0.1199465 0.0012598 0.6393284
0.0011829 0.9580893 0.0405279 0.0001000 0.0001000
0.0001000 0.9724905 0.0245701 0.0001000 0.0027394
0.0057757 0.9918643 0.0021600 0.0001000 0.0001000
