0.0057849 0.2080666 0.5445735 0.0001085 0.2226695 0.0110146 0.0074223 0.0001000 0.0001000 0.0001602
0.0001000 0.2073648 0.5442347 0.0001000 0.2217890 0.0046788 0.0214327 0.0001000 0.0001000 0.0001000
0.0001000 0.2025813 0.5320672 0.0001000 0.2166212 0.0028643 0.0453659 0.0001000 0.0001000 0.0001000
0.0003912 0.1954943 0.5132105 0.0001000 0.2094020 0.0603960 0.0207059 0.0001000 0.0001000 0.0001000
0.0925836 0.0016313 0.0045202 0.0106196 0.0018346 0.0063610 0.0009086 0.1997124 0.2106551 0.4711736
0.0000999 0.2041958 0.5351749 0.0014062 0.2192017 0.0395219 0.0000999 0.0000999 0.0000999 0.0000999
0.0000998 0.1999711 0.5238064 0.0095766 0.2154425 0.0477527 0.0000998 0.0000998 0.0000998 0.0030517
0.0075686 0.2051514 0.5372068 0.0004757 0.2196524 0.0275241 0.0002324 0.0001000 0.0001000 0.0019886
0.0000997 0.2029705 0.5315223 0.0070867 0.2187692 0.0391526 0.0000997 0.0000997 0.0000997 0.0000997
0.0030555 0.1972195 0.5170771 0.0001000 0.2111035 0.0264036 0.0447408 0.0001000 0.0001000 0.0001000
0.0002088 0.2089126 0.5457685 0.0072721 0.2243060 0.0043129 0.0000999 0.0011190 0.0000999 0.0079003
0.0051764 0.2049096 0.5368467 0.0001008 0.2193620 0.0268303 0.0064743 0.0001000 0.0001000 0.0001000
0.0084132 0.2038032 0.5336355 0.0019067 0.2182838 0.0289297 0.0001000 0.0003134 0.0001000 0.0045145
0.0000995 0.2078995 0.5429761 0.0102807 0.2247542 0.0135921 0.0000995 0.0000995 0.0000995 0.0000995
0.0023958 0.2043699 0.5352937 0.0001000 0.2187112 0.0082005 0.0306288 0.0001000 0.0001000 0.0001000
0.0103431 0.2096557 0.5452893 0.0000999 0.2230050 0.0000999 0.0112074 0.0000999 0.0000999 0.0000999
0.0085443 0.1983858 0.5161240 0.0000999 0.2107206 0.0000999 0.0657258 0.0000999 0.0000999 0.0000999
0.0018641 0.2020335 0.5294970 0.0001000 0.2162599 0.0189457 0.0309998 0.0001000 0.0001000 0.0001000
0.0071014 0.2117055 0.5525965 0.0001000 0.2261886 0.0001000 0.0019081 0.0001000 0.0001000 0.0001000
0.0079049 0.2020595 0.5293868 0.0001195 0.2162602 0.0286788 0.0143603 0.0001000 0.0001000 0.0010299
0.0095570 0.2092410 0.5465144 0.0001000 0.2235649 0.0001000 0.0099014 0.0001000 0.0001000 0.0008213
0.0060683 0.2034556 0.5331222 0.0002707 0.2178903 0.0382582 0.0002073 0.0001000 0.0001000 0.0005274
0.0000998 0.2020999 0.5292243 0.0084385 0.2174977 0.0387948 0.0000998 0.0000998 0.0000998 0.0035455
0.0001000 0.2054850 0.5389355 0.0001000 0.2199268 0.0170918 0.0180609 0.0001000 0.0001000 0.0001000
0.0008387 0.2108389 0.5512785 0.0032562 0.2260383 0.0063705 0.0001000 0.0001000 0.0001000 0.0010790
0.0103331 0.2022422 0.5296845 0.0003529 0.2164495 0.0322691 0.0044460 0.0001676 0.0001000 0.0039551
0.0014147 0.2071584 0.5426893 0.0001000 0.2217941 0.0192448 0.0072987 0.0001000 0.0001000 0.0001000
0.0001000 0.2012123 0.5284109 0.0001000 0.2153523 0.0297966 0.0247278 0.0001000 0.0001000 0.0001000
0.0000999 0.2028667 0.5314078 0.0059438 0.2179712 0.0388352 0.0000999 0.0000999 0.0000999 0.0025757
0.0115196 0.2085133 0.5435368 0.0021224 0.2228873 0.0000999 0.0000999 0.0018910 0.0000999 0.0092297
0.0038444 0.2062110 0.5397725 0.0033982 0.2211012 0.0224138 0.0001000 0.0001000 0.0001000 0.0029590
0.0032778 0.2104325 0.5504494 0.0007917 0.2253465 0.0093021 0.0001000 0.0001000 0.0001000 0.0001000
0.0056200 0.1984038 0.5203009 0.0001000 0.2124172 0.0456612 0.0171970 0.0001000 0.0001000 0.0001000
0.0064317 0.2020456 0.5290290 0.0001000 0.2161515 0.0058576 0.0400469 0.0001000 0.0001000 0.0001377
0.0094071 0.2072604 0.5420724 0.0013184 0.2218377 0.0121491 0.0001292 0.0006216 0.0001000 0.0051039
0.0001000 0.2005657 0.5274130 0.0001000 0.2145551 0.0264611 0.0305051 0.0001000 0.0001000 0.0001000
0.0131379 0.2103555 0.5471711 0.0000999 0.2238616 0.0000999 0.0049742 0.0000999 0.0000999 0.0000999
0.0105537 0.2075434 0.5402673 0.0000999 0.2208516 0.0000999 0.0202843 0.0000999 0.0000999 0.0000999
0.0001000 0.2050185 0.5379370 0.0001000 0.2193819 0.0144873 0.0226753 0.0001000 0.0001000 0.0001000
0.0055539 0.1987111 0.5209381 0.0001000 0.2127080 0.0343481 0.0273408 0.0001000 0.0001000 0.0001000
0.0051432 0.2080822 0.5446373 0.0001006 0.2226862 0.0099131 0.0091373 0.0001000 0.0001000 0.0001000
0.0010721 0.2050849 0.5365369 0.0001000 0.2192198 0.0001000 0.0375862 0.0001000 0.0001000 0.0001000
0.0001000 0.1979263 0.5201223 0.0001000 0.2119052 0.0508301 0.0187160 0.0001000 0.0001000 0.0001000
0.0075788 0.2030572 0.5315316 0.0001030 0.2172157 0.0043132 0.0352836 0.0001000 0.0001000 0.0007169
0.0079541 0.2034130 0.5328935 0.0002189 0.2177680 0.0344181 0.0015269 0.0001000 0.0001000 0.0016074
0.0049516 0.2069610 0.5417380 0.0020332 0.2217461 0.0203969 0.0001000 0.0001000 0.0001000 0.0018732
0.0048253 0.2067958 0.5414661 0.0001000 0.2213198 0.0130196 0.0121734 0.0001000 0.0001000 0.0001000
0.0001000 0.1983444 0.5215682 0.0001000 0.2125165 0.0669711 0.0001000 0.0001000 0.0001000 0.0001000
0.0076747 0.2090553 0.5465865 0.0014625 0.2237930 0.0072074 0.0001000 0.0003174 0.0001000 0.0037032
0.0001000 0.1968975 0.5178646 0.0001000 0.2105354 0.0137646 0.0604379 0.0001000 0.0001000 0.0001000
0.0004922 0.2077334 0.5439210 0.0001000 0.2223197 0.0036111 0.0215226 0.0001000 0.0001000 0.0001000
0.0124682 0.2058822 0.5365151 0.0000999 0.2192870 0.0000999 0.0253478 0.0000999 0.0000999 0.0000999
0.0045312 0.2098149 0.5489544 0.0001848 0.2245960 0.0107123 0.0009064 0.0001000 0.0001000 0.0001000
0.0129847 0.2030706 0.5312389 0.0006249 0.2171853 0.0131888 0.0117274 0.0016250 0.0001002 0.0082543
0.0068627 0.2089086 0.5429401 0.0000999 0.2219481 0.0000999 0.0188409 0.0000999 0.0000999 0.0000999
0.0001000 0.2077401 0.5443467 0.0001000 0.2223445 0.0102908 0.0147779 0.0001000 0.0001000 0.0001000
0.0026747 0.2082720 0.5448438 0.0037029 0.2233284 0.0141734 0.0001000 0.0001000 0.0001000 0.0027049
0.0075646 0.2064750 0.5403575 0.0001126 0.2209060 0.0074258 0.0160188 0.0001000 0.0001000 0.0009398
0.0031680 0.2054700 0.5383312 0.0001000 0.2199636 0.0224817 0.0101855 0.0001000 0.0001000 0.0001000
0.0824839 0.0000999 0.0000999 0.0113292 0.0000999 0.0122560 0.0000999 0.1989345 0.2228202 0.4717765
0.0902135 0.0046526 0.0126914 0.0118200 0.0051737 0.0170515 0.0001000 0.1945082 0.2041001 0.4596890
0.0947503 0.0001000 0.0001000 0.0001000 0.0001000 0.0001000 0.0130990 0.1952981 0.2345358 0.4618170
0.0001149 0.0001000 0.0048630 0.0001000 0.0001000 0.9848319 0.0039990 0.0001000 0.0044024 0.0013888
0.0001480 0.0001000 0.0001000 0.0001000 0.0001000 0.0166044 0.9808947 0.0001000 0.0017512 0.0001017
0.0949117 0.0001000 0.0001000 0.0045590 0.0001000 0.0001000 0.0013083 0.2020377 0.2214720 0.4753112
0.1038758 0.0001000 0.0001000 0.0079086 0.0001000 0.0001000 0.0009537 0.2065176 0.1994465 0.4808979
0.0904674 0.0024871 0.0039303 0.0189216 0.0027063 0.0000999 0.0000999 0.2056293 0.1936497 0.4820085
0.0927287 0.0010119 0.0027959 0.0098983 0.0011416 0.0059810 0.0039376 0.1995777 0.2120246 0.4709029
0.0937753 0.0025091 0.0063406 0.0117975 0.0026722 0.0001000 0.0001312 0.2015496 0.2067057 0.4744188
0.0933803 0.0007881 0.0020513 0.0093333 0.0008352 0.0025359 0.0135120 0.1984198 0.2109575 0.4681865
0.0975434 0.0001000 0.0001000 0.0052473 0.0001000 0.0001000 0.0073530 0.2013306 0.2150879 0.4730379
0.0999251 0.0001000 0.0001000 0.0063686 0.0001000 0.0001000 0.0027452 0.2039106 0.2093595 0.4772910
0.0874057 0.0007164 0.0019401 0.0136164 0.0012259 0.0045635 0.0001000 0.2016687 0.2124898 0.4762735
0.0922829 0.0003511 0.0008915 0.0091783 0.0004464 0.0035890 0.0009759 0.2015570 0.2155924 0.4751356
0.0919324 0.0001000 0.0001000 0.0001000 0.0001000 0.0001345 0.0061983 0.1976489 0.2361252 0.4675607
0.0926628 0.0001000 0.0001000 0.0058406 0.0001000 0.0074120 0.0070420 0.1982438 0.2202362 0.4682627
0.0930750 0.0017809 0.0007969 0.0201121 0.0016462 0.0000999 0.0000999 0.2089349 0.1862307 0.4872235
0.1003834 0.0000999 0.0000999 0.0000999 0.0000999 0.0000999 0.0000999 0.2037859 0.2198565 0.4753750
0.1038031 0.0002509 0.0001000 0.0081701 0.0001000 0.0001000 0.0094556 0.2039649 0.1981413 0.4759142
0.0841611 0.0001587 0.0003734 0.0147456 0.0006514 0.0032759 0.0000999 0.2027274 0.2147831 0.4790235
0.0899946 0.0001000 0.0001000 0.0096603 0.0001286 0.0014289 0.0001000 0.2026972 0.2179650 0.4778254
0.0685118 0.0000998 0.0000998 0.0171680 0.0000998 0.0116513 0.0000998 0.1990614 0.2285770 0.4746312
0.0886490 0.0001000 0.0001000 0.0003054 0.0001000 0.0023831 0.0001000 0.1991087 0.2381402 0.4710138
0.0923201 0.0001000 0.0001000 0.0060657 0.0001000 0.0064598 0.0030786 0.1994785 0.2213262 0.4709713
0.1008512 0.0004861 0.0001000 0.0085700 0.0001000 0.0001000 0.0077769 0.2034501 0.2025628 0.4760029
0.0891389 0.0001000 0.0001000 0.0064397 0.0001000 0.0063998 0.0001000 0.1998669 0.2252834 0.4724714
0.1068978 0.0014633 0.0001000 0.0115588 0.0002231 0.0001000 0.0001000 0.2093374 0.1853467 0.4848730
0.0969107 0.0012979 0.0018097 0.0119004 0.0010205 0.0001000 0.0001000 0.2050200 0.2017687 0.4800721
0.0901075 0.0001000 0.0001000 0.0081219 0.0001000 0.0104630 0.0001000 0.1995127 0.2199142 0.4714808
0.0893697 0.0001000 0.0001000 0.0042026 0.0001000 0.0018601 0.0001000 0.2004429 0.2301429 0.4735819
0.0859749 0.0001000 0.0001000 0.0033529 0.0001000 0.0039611 0.0001000 0.1989609 0.2360371 0.4713133
0.0046506 0.0029804 0.0127555 0.0001000 0.0025606 0.0476773 0.9206226 0.0013379 0.0010495 0.0062657
0.0001000 0.0024539 0.0118794 0.0001000 0.0020562 0.0538310 0.9292796 0.0001000 0.0001000 0.0001000
0.0883801 0.0002101 0.0005702 0.0113786 0.0004972 0.0102327 0.0001000 0.2001451 0.2154209 0.4730652
0.0975732 0.0005036 0.0001288 0.0088029 0.0002006 0.0001000 0.0069676 0.2025766 0.2076939 0.4754529
0.0902433 0.0002283 0.0005648 0.0102761 0.0004172 0.0046168 0.0001000 0.2016636 0.2161059 0.4757841
0.0870559 0.0000998 0.0000998 0.0118914 0.0000998 0.0000998 0.0000998 0.2057290 0.2123426 0.4824819
0.0886704 0.0003270 0.0000999 0.0161597 0.0005787 0.0000999 0.0000999 0.2060591 0.2040956 0.4838096
0.0920552 0.0007261 0.0016688 0.0110459 0.0008755 0.0001000 0.0001000 0.2032088 0.2119524 0.4782673
0.0001610 0.0007688 0.0168646 0.0001037 0.0018383 0.9473730 0.0304154 0.0003920 0.0001021 0.0019811
0.0000998 0.0021661 0.0187881 0.0033414 0.0038127 0.9713925 0.0000998 0.0000998 0.0000998 0.0000998
0.0865573 0.0000997 0.0000997 0.0074025 0.0000997 0.0000997 0.0000997 0.2064901 0.2169936 0.4820581
0.0892972 0.0006448 0.0017323 0.0122401 0.0010002 0.0019462 0.0001000 0.2024305 0.2131997 0.4774090
0.0875921 0.0008050 0.0023400 0.0129815 0.0013023 0.0129800 0.0001000 0.1991183 0.2118554 0.4709255
0.0920401 0.0018177 0.0050494 0.0110823 0.0020816 0.0072458 0.0001033 0.1995204 0.2102023 0.4708570
0.0838826 0.0040613 0.0108368 0.0164547 0.0050575 0.0144446 0.0000999 0.1960829 0.2045829 0.4644968
0.0991974 0.0034821 0.0073441 0.0107055 0.0030472 0.0001000 0.0125171 0.1995557 0.1961925 0.4678585
0.0862811 0.0001000 0.0001000 0.0051893 0.0001000 0.0054114 0.0001000 0.1992400 0.2316759 0.4718026
0.0920125 0.0000998 0.0000998 0.0176486 0.0000998 0.0000998 0.0000998 0.2102962 0.1904770 0.4890666
0.0055126 0.2055001 0.5367002 0.0001000 0.2193280 0.0001000 0.0324592 0.0001000 0.0001000 0.0001000
0.0948644 0.0062217 0.0155038 0.0121032 0.0064236 0.0001000 0.0001553 0.1983775 0.1995322 0.4667183
0.0918006 0.0001000 0.0001000 0.0001000 0.0001000 0.0029824 0.0110075 0.1958929 0.2340814 0.4638352
0.0875172 0.0013195 0.0035904 0.0142304 0.0019093 0.0048592 0.0001000 0.2010504 0.2104989 0.4749247
0.0890783 0.0001000 0.0001000 0.0050488 0.0001000 0.0050055 0.0001000 0.1997719 0.2283911 0.4723045
0.0019081 0.0027816 0.0223745 0.0005366 0.0040853 0.9537217 0.0059108 0.0016795 0.0009935 0.0060083
0.0001000 0.0039218 0.0266045 0.0001000 0.0051573 0.9545247 0.0092916 0.0001000 0.0001000 0.0001000
0.0005777 0.0001000 0.0110122 0.0001000 0.0001000 0.9100005 0.0743658 0.0005346 0.0006338 0.0025753
0.0000999 0.0000999 0.0000999 0.0000999 0.0000999 0.0000999 0.9991007 0.0000999 0.0000999 0.0000999
0.0053375 0.0001000 0.0001000 0.0001000 0.0001000 0.0242680 0.9571652 0.0012004 0.0049772 0.0066517
0.0001000 0.0028720 0.0233604 0.0001000 0.0040743 0.9526471 0.0165461 0.0001000 0.0001000 0.0001000
0.0000996 0.0000996 0.0000996 0.0000996 0.0000996 0.9925868 0.0000996 0.0000996 0.0066161 0.0000996
0.0001000 0.0001000 0.0079118 0.0001000 0.0001000 0.9744033 0.0169649 0.0001000 0.0001199 0.0001000
0.0006529 0.0003539 0.0059247 0.0001000 0.0001000 0.0704509 0.9211268 0.0001000 0.0001093 0.0010816
0.0001000 0.0001000 0.0001000 0.0001000 0.0001000 0.9481528 0.0415423 0.0001000 0.0096048 0.0001000
0.0001592 0.0004488 0.0161319 0.0001019 0.0014653 0.9328038 0.0465248 0.0003130 0.0001022 0.0019491
0.0001000 0.0110164 0.0344292 0.0001000 0.0111213 0.0112287 0.9317044 0.0001000 0.0001000 0.0001000
0.0016703 0.0001000 0.0001000 0.0001000 0.0001000 0.0139845 0.9771819 0.0001000 0.0057225 0.0009408
0.0001000 0.0056869 0.0335379 0.0001000 0.0070296 0.9312732 0.0219723 0.0001000 0.0001000 0.0001000
0.0866237 0.0014586 0.0039378 0.0149866 0.0021284 0.0048505 0.0000999 0.2010081 0.2099259 0.4749804
0.0017087 0.0056387 0.0192685 0.0001000 0.0054816 0.0019505 0.9642704 0.0001305 0.0001019 0.0013492
0.0063655 0.0229742 0.0722988 0.0002219 0.0251836 0.6406955 0.2171604 0.0031159 0.0010669 0.0109173
0.0019168 0.0079835 0.0249711 0.0001000 0.0077216 0.0001000 0.9569071 0.0001000 0.0001000 0.0001001
0.0001000 0.0041846 0.0172558 0.0001000 0.0038181 0.0012823 0.9729592 0.0001000 0.0001000 0.0001000
0.0074771 0.0006923 0.0022489 0.0001000 0.0001000 0.0001000 0.9889224 0.0001000 0.0001000 0.0001595
