0.0001000 0.4012021 0.0001000 0.0105464 0.0113327 0.0001000 0.0051649 0.5714538
0.0001000 0.4008647 0.0001000 0.0044972 0.0232720 0.0001000 0.0001000 0.5709661
0.0001000 0.3917167 0.0001000 0.0027471 0.0471283 0.0001000 0.0001000 0.5580080
0.0001000 0.3779939 0.0001000 0.0601437 0.0227979 0.0001000 0.0001000 0.5386645
0.0294327 0.0040126 0.0937692 0.0062009 0.0010077 0.5176876 0.3420123 0.0058771
0.0000999 0.3954009 0.0000999 0.0406355 0.0000999 0.0000999 0.0000999 0.5634640
0.0009048 0.3886589 0.0000998 0.0474293 0.0000998 0.0067153 0.0019547 0.5541375
0.0001000 0.3955902 0.0001009 0.0282222 0.0033371 0.0001000 0.0090307 0.5635189
0.0004897 0.3942411 0.0000997 0.0397850 0.0000997 0.0030662 0.0000997 0.5621188
0.0001000 0.3808331 0.0001000 0.0260253 0.0477555 0.0001000 0.0024350 0.5426511
0.0001823 0.4041313 0.0000999 0.0051095 0.0000999 0.0064649 0.0082115 0.5757009
0.0001000 0.3953786 0.0001000 0.0263416 0.0102599 0.0001000 0.0044682 0.5632516
0.0001000 0.3932917 0.0001028 0.0308228 0.0015087 0.0015237 0.0124232 0.5602271
0.0004220 0.4042567 0.0000995 0.0139678 0.0000995 0.0045896 0.0000995 0.5764654
0.0001000 0.3945671 0.0001000 0.0078450 0.0334081 0.0001000 0.0017969 0.5620829
0.0000999 0.4022152 0.0000999 0.0000999 0.0160844 0.0000999 0.0094412 0.5718595
0.0000999 0.3806401 0.0000999 0.0000999 0.0702312 0.0000999 0.0075273 0.5412018
0.0001000 0.3902262 0.0001000 0.0185928 0.0336239 0.0001000 0.0012951 0.5559618
0.0001000 0.4074360 0.0001000 0.0001000 0.0057398 0.0001000 0.0064848 0.5799395
0.0001000 0.3895216 0.0001000 0.0284873 0.0187700 0.0001000 0.0079925 0.5549285
0.0001000 0.4025051 0.0001000 0.0001000 0.0146080 0.0001000 0.0094655 0.5730215
0.0001000 0.3926207 0.0001000 0.0383758 0.0033271 0.0001000 0.0060301 0.5593463
0.0005924 0.3922271 0.0000998 0.0389488 0.0000998 0.0056855 0.0032435 0.5591031
0.0001000 0.3971253 0.0001000 0.0168375 0.0199104 0.0001000 0.0001000 0.5657268
0.0000999 0.4074003 0.0000999 0.0077645 0.0000999 0.0004305 0.0038303 0.5802745
0.0001000 0.3896225 0.0001031 0.0325440 0.0090111 0.0012062 0.0123780 0.5550351
0.0001000 0.4001220 0.0001000 0.0188787 0.0098098 0.0001000 0.0009076 0.5699819
0.0001000 0.3890927 0.0001000 0.0295554 0.0265946 0.0001000 0.0001000 0.5543572
0.0001004 0.3929293 0.0000999 0.0398529 0.0000999 0.0028198 0.0041259 0.5599719
0.0001000 0.4020014 0.0001000 0.0001000 0.0014763 0.0049602 0.0189672 0.5722950
0.0001000 0.3985119 0.0001000 0.0244027 0.0001000 0.0011094 0.0079712 0.5677049
0.0001000 0.4062364 0.0001000 0.0097978 0.0015623 0.0001000 0.0035318 0.5785717
0.0001000 0.3829031 0.0001000 0.0451798 0.0211587 0.0001000 0.0048781 0.5455802
0.0001000 0.3895252 0.0001000 0.0054056 0.0441506 0.0001000 0.0057125 0.5549061
0.0001000 0.3994493 0.0001018 0.0131746 0.0030136 0.0021841 0.0130839 0.5688927
0.0001000 0.3880762 0.0001000 0.0262426 0.0323864 0.0001000 0.0001000 0.5528948
0.0000999 0.4033030 0.0000999 0.0000999 0.0105959 0.0000999 0.0122399 0.5734615
0.0000999 0.3982742 0.0000999 0.0000999 0.0253570 0.0000999 0.0095890 0.5663801
0.0001000 0.3962949 0.0001000 0.0142526 0.0245144 0.0001000 0.0001000 0.5645381
0.0001000 0.3834363 0.0001000 0.0338664 0.0312513 0.0001000 0.0048150 0.5463310
0.0001000 0.4013115 0.0001000 0.0094335 0.0128705 0.0001000 0.0044729 0.5716115
0.0001000 0.3957664 0.0001000 0.0001000 0.0397071 0.0001000 0.0005409 0.5635856
0.0001000 0.3828497 0.0001000 0.0505978 0.0206251 0.0001000 0.0001000 0.5455274
0.0001000 0.3912851 0.0001000 0.0040602 0.0395918 0.0001000 0.0073816 0.5573813
0.0001000 0.3921705 0.0001003 0.0346151 0.0054967 0.0001000 0.0087336 0.5586838
0.0001000 0.3997487 0.0001000 0.0225345 0.0001000 0.0001000 0.0079116 0.5694052
0.0001000 0.3989353 0.0001000 0.0125453 0.0158175 0.0001000 0.0041380 0.5682639
0.0001000 0.3841975 0.0001000 0.0677675 0.0001842 0.0001000 0.0001000 0.5474507
0.0001000 0.4030675 0.0001006 0.0085823 0.0020444 0.0011189 0.0109689 0.5740174
0.0001000 0.3809614 0.0001000 0.0136190 0.0622319 0.0001000 0.0001000 0.5427876
0.0001000 0.4011869 0.0001000 0.0033535 0.0235887 0.0001000 0.0001201 0.5714507
0.0000999 0.3950691 0.0000999 0.0000999 0.0310616 0.0000999 0.0114586 0.5620109
0.0001000 0.4047051 0.0001000 0.0104296 0.0040822 0.0001000 0.0040735 0.5764095
0.0001000 0.3908747 0.0001047 0.0131413 0.0168941 0.0048955 0.0172782 0.5567115
0.0000999 0.4009763 0.0000999 0.0000999 0.0227117 0.0000999 0.0059860 0.5699263
0.0001000 0.4013120 0.0001000 0.0100390 0.0166091 0.0001000 0.0001000 0.5716399
0.0000999 0.4024960 0.0000999 0.0158862 0.0000999 0.0012698 0.0067021 0.5733460
0.0001000 0.3978753 0.0001000 0.0072268 0.0202781 0.0001000 0.0076026 0.5667172
0.0001000 0.3966871 0.0001000 0.0220525 0.0133043 0.0001000 0.0025441 0.5651120
0.0314811 0.0000999 0.0931652 0.0150650 0.0000999 0.5246586 0.3353304 0.0000999
0.0287291 0.0101982 0.0905971 0.0168398 0.0001000 0.5047845 0.3339816 0.0147698
0.0241804 0.0000999 0.1167874 0.0000999 0.0132212 0.5146798 0.3308315 0.0000999
0.0001000 0.0001000 0.0020582 0.9884844 0.0048661 0.0016778 0.0023356 0.0003780
0.0001000 0.0001000 0.0021323 0.0170602 0.9803055 0.0001000 0.0001021 0.0001000
0.0287840 0.0001000 0.1010892 0.0001000 0.0027079 0.5236511 0.3434678 0.0001000
0.0308029 0.0000999 0.0879578 0.0000999 0.0039771 0.5197911 0.3571713 0.0000999
0.0347881 0.0055971 0.0762554 0.0000999 0.0000999 0.5240262 0.3513063 0.0078273
0.0292139 0.0026160 0.0947735 0.0058382 0.0042154 0.5177885 0.3416893 0.0038651
0.0303499 0.0055638 0.0905563 0.0001000 0.0002198 0.5193114 0.3458309 0.0080679
0.0287235 0.0020082 0.0950365 0.0019422 0.0143490 0.5146712 0.3402690 0.0030003
0.0284351 0.0000999 0.0985672 0.0000999 0.0090507 0.5186895 0.3449577 0.0000999
0.0296006 0.0000999 0.0942725 0.0000999 0.0049749 0.5204615 0.3503908 0.0000999
0.0320340 0.0023317 0.0888318 0.0058973 0.0000999 0.5248929 0.3426939 0.0032186
0.0299346 0.0009615 0.0952506 0.0039999 0.0014087 0.5231256 0.3438871 0.0014321
0.0258419 0.0000999 0.1135714 0.0000999 0.0064526 0.5209802 0.3328540 0.0000999
0.0279625 0.0001000 0.1007603 0.0068961 0.0085824 0.5176499 0.3379489 0.0001000
0.0362109 0.0037040 0.0709902 0.0000999 0.0000999 0.5259514 0.3578794 0.0050642
0.0276463 0.0000998 0.1051417 0.0000998 0.0000998 0.5203977 0.3464150 0.0000998
0.0298891 0.0000999 0.0882672 0.0000999 0.0125021 0.5146922 0.3543496 0.0000999
0.0335190 0.0009403 0.0863264 0.0059217 0.0000999 0.5292330 0.3429083 0.0010513
0.0310259 0.0001010 0.0937904 0.0032177 0.0001000 0.5269793 0.3446843 0.0001013
0.0359979 0.0000998 0.0848254 0.0170877 0.0000998 0.5334028 0.3283870 0.0000998
0.0271934 0.0000999 0.1115632 0.0023399 0.0000999 0.5256475 0.3329562 0.0000999
0.0284540 0.0001000 0.1005542 0.0062717 0.0043329 0.5206937 0.3394935 0.0001000
0.0300895 0.0000999 0.0894483 0.0000999 0.0106936 0.5174044 0.3520644 0.0000999
0.0290890 0.0001000 0.1008667 0.0075180 0.0001000 0.5238819 0.3383445 0.0001000
0.0332141 0.0001052 0.0762761 0.0000999 0.0051093 0.5194339 0.3656207 0.0001408
0.0315735 0.0023231 0.0867959 0.0001000 0.0008001 0.5223935 0.3525792 0.0034347
0.0292826 0.0001000 0.0975652 0.0118356 0.0001000 0.5211984 0.3398183 0.0001000
0.0286278 0.0001000 0.1047506 0.0025544 0.0001000 0.5261148 0.3376526 0.0001000
0.0284356 0.0000999 0.1074156 0.0047427 0.0000999 0.5265158 0.3325906 0.0000999
0.0001000 0.0059471 0.0001215 0.0489932 0.9218003 0.0039346 0.0090620 0.0100412
0.0001000 0.0056657 0.0001000 0.0543724 0.9298974 0.0001000 0.0001000 0.0096646
0.0306879 0.0009175 0.0925454 0.0116572 0.0000999 0.5221608 0.3406942 0.0012371
0.0300804 0.0001047 0.0913957 0.0001000 0.0094793 0.5197011 0.3489109 0.0002280
0.0306055 0.0008047 0.0937764 0.0057602 0.0001000 0.5244439 0.3433790 0.0011305
0.0337129 0.0000999 0.0869147 0.0000999 0.0000999 0.5317088 0.3472638 0.0000999
0.0343123 0.0018071 0.0822538 0.0000999 0.0000999 0.5296341 0.3493954 0.0023973
0.0310161 0.0020641 0.0920686 0.0002358 0.0001000 0.5252188 0.3463183 0.0029783
0.0001000 0.0055026 0.0001000 0.9498451 0.0318570 0.0001000 0.0023786 0.0101166
0.0003283 0.0088973 0.0000999 0.9741950 0.0000999 0.0016728 0.0000999 0.0146070
0.0337007 0.0000997 0.0902826 0.0000997 0.0000997 0.5312580 0.3443598 0.0000997
0.0316198 0.0019561 0.0904553 0.0031256 0.0001000 0.5255724 0.3444367 0.0027342
0.0308883 0.0025534 0.0902569 0.0140853 0.0000999 0.5193007 0.3391989 0.0036166
0.0295798 0.0044657 0.0931402 0.0072026 0.0001000 0.5173895 0.3416024 0.0065199
0.0317188 0.0093844 0.0840025 0.0156256 0.0000999 0.5118161 0.3339053 0.0134474
0.0295576 0.0057799 0.0863297 0.0000999 0.0147727 0.5079437 0.3471077 0.0084087
0.0290232 0.0000999 0.1038918 0.0065372 0.0000999 0.5257863 0.3344617 0.0000999
0.0365918 0.0008207 0.0722325 0.0000999 0.0000999 0.5300559 0.3591386 0.0009606
0.0001000 0.3956683 0.0001000 0.0001000 0.0359967 0.0001000 0.0047415 0.5631936
0.0296148 0.0123481 0.0876796 0.0001000 0.0007030 0.5090055 0.3428261 0.0177228
0.0254017 0.0000999 0.1130098 0.0016350 0.0122887 0.5171758 0.3302891 0.0000999
0.0319222 0.0037119 0.0880832 0.0058973 0.0000999 0.5229841 0.3420535 0.0052479
0.0286568 0.0001000 0.1034576 0.0058432 0.0001000 0.5245289 0.3372137 0.0001000
0.0001000 0.0094692 0.0001000 0.9564840 0.0074304 0.0039089 0.0067891 0.0157183
0.0001000 0.0121618 0.0001000 0.9561101 0.0115544 0.0001000 0.0001000 0.0197737
0.0001000 0.0018307 0.0001000 0.9130717 0.0757532 0.0005110 0.0037737 0.0048597
0.0000999 0.0000999 0.0000999 0.0000999 0.9993004 0.0000999 0.0000999 0.0000999
0.0001000 0.0001000 0.0050801 0.0245333 0.9570556 0.0053148 0.0077163 0.0001000
0.0001000 0.0099771 0.0001000 0.9542480 0.0187644 0.0001000 0.0001000 0.0166104
0.0000996 0.0000996 0.0061423 0.9932601 0.0000996 0.0000996 0.0000996 0.0000996
0.0001000 0.0007982 0.0001000 0.9763828 0.0191441 0.0001000 0.0002503 0.0031246
0.0001000 0.0014113 0.0001000 0.0714916 0.9214548 0.0001000 0.0018782 0.0034642
0.0001000 0.0001000 0.0101771 0.9504583 0.0388646 0.0001000 0.0001000 0.0001000
0.0001000 0.0049054 0.0001000 0.9352439 0.0479702 0.0001000 0.0022849 0.0092955
0.0001000 0.0221467 0.0001000 0.0117280 0.9323047 0.0001000 0.0001000 0.0334205
0.0001000 0.0001000 0.0060219 0.0149986 0.9760647 0.0012249 0.0013900 0.0001000
0.0001000 0.0164086 0.0001000 0.9328477 0.0243234 0.0001000 0.0001000 0.0260202
0.0322955 0.0040711 0.0869098 0.0060171 0.0000999 0.5231638 0.3417035 0.0057391
0.0001000 0.0113500 0.0001002 0.0029386 0.9647759 0.0001012 0.0030183 0.0176159
0.0001000 0.0470477 0.0001012 0.6425834 0.2197455 0.0076140 0.0135565 0.0692517
0.0001000 0.0156472 0.0001000 0.0001000 0.9582289 0.0001000 0.0019374 0.0237865
0.0001000 0.0093169 0.0001000 0.0018332 0.9735386 0.0001000 0.0001000 0.0149113
0.0001000 0.0001000 0.0001000 0.0001000 0.9917284 0.0001000 0.0072402 0.0005317
