0.0109671 0.0009748 0.7070587 0.0009779 0.0013275 0.2669048 0.0117892
0.0070281 0.0001000 0.7063637 0.0001000 0.0001000 0.2648361 0.0214721
0.0052971 0.0001000 0.6905201 0.0001000 0.0001000 0.2586461 0.0452367
0.0621605 0.0001000 0.6656954 0.0001000 0.0001000 0.2506201 0.0212239
0.0071823 0.2448613 0.0080824 0.3757327 0.3581747 0.0031777 0.0027890
0.0418606 0.0000999 0.6944405 0.0000999 0.0000999 0.2632993 0.0000999
0.0496622 0.0023529 0.6809852 0.0026419 0.0030649 0.2611932 0.0000997
0.0268580 0.0019100 0.6977082 0.0023931 0.0027105 0.2635893 0.0048309
0.0423309 0.0007851 0.6906355 0.0001198 0.0006654 0.2653635 0.0000997
0.0276996 0.0002343 0.6712207 0.0001000 0.0001995 0.2531792 0.0473666
0.0055040 0.0034422 0.7106874 0.0046056 0.0049355 0.2707255 0.0000999
0.0270617 0.0008214 0.6968077 0.0006918 0.0010423 0.2630573 0.0105178
0.0282964 0.0030603 0.6940613 0.0041802 0.0044322 0.2623247 0.0036449
0.0169925 0.0010579 0.7062869 0.0002510 0.0009890 0.2743232 0.0000995
0.0097112 0.0001000 0.6951056 0.0001000 0.0001000 0.2620905 0.0327928
0.0000999 0.0013959 0.7117912 0.0013439 0.0028028 0.2652453 0.0173210
0.0000999 0.0009139 0.6743997 0.0004878 0.0020441 0.2506321 0.0714225
0.0205535 0.0001000 0.6873658 0.0001000 0.0001000 0.2590862 0.0326945
0.0001000 0.0011193 0.7187907 0.0011726 0.0018427 0.2704503 0.0065244
0.0276149 0.0016470 0.6870839 0.0019925 0.0023148 0.2594272 0.0199197
0.0001000 0.0018313 0.7103240 0.0022388 0.0028898 0.2672140 0.0154021
0.0383288 0.0011940 0.6921527 0.0012743 0.0016133 0.2614109 0.0040260
0.0407140 0.0022775 0.6881012 0.0025957 0.0030134 0.2631984 0.0000998
0.0191539 0.0001000 0.6994188 0.0001000 0.0001000 0.2628969 0.0182304
0.0086837 0.0008103 0.7170762 0.0006708 0.0010941 0.2715648 0.0000999
0.0299542 0.0029655 0.6877458 0.0040474 0.0042950 0.2598487 0.0111435
0.0209247 0.0001000 0.7044659 0.0001000 0.0001000 0.2655791 0.0087303
0.0318726 0.0001000 0.6855769 0.0001000 0.0001000 0.2574181 0.0248324
0.0409751 0.0015743 0.6907414 0.0016390 0.0020485 0.2629218 0.0000999
0.0001000 0.0052899 0.7097411 0.0075348 0.0081208 0.2671910 0.0020224
0.0242271 0.0019623 0.7026061 0.0024423 0.0027820 0.2658802 0.0001000
0.0109372 0.0005839 0.7155700 0.0003975 0.0007827 0.2701908 0.0015379
0.0456612 0.0008938 0.6751394 0.0008364 0.0011733 0.2548110 0.0214851
0.0055519 0.0011010 0.6868561 0.0011442 0.0014985 0.2591555 0.0446927
0.0105596 0.0033638 0.7048729 0.0046812 0.0049241 0.2664169 0.0051814
0.0287234 0.0001000 0.6842163 0.0001000 0.0001000 0.2562800 0.0304803
0.0000999 0.0020801 0.7136431 0.0024077 0.0038382 0.2661234 0.0118076
0.0000999 0.0014850 0.7047367 0.0014760 0.0028490 0.2628361 0.0265172
0.0166275 0.0001000 0.6981221 0.0001000 0.0001000 0.2621695 0.0227809
0.0344336 0.0008791 0.6760679 0.0008089 0.0011547 0.2551365 0.0315193
0.0101720 0.0008094 0.7071724 0.0007223 0.0010743 0.2669079 0.0131417
0.0001000 0.0001000 0.6975738 0.0001000 0.0001000 0.2624183 0.0396079
0.0528065 0.0001000 0.6746343 0.0001000 0.0001000 0.2533666 0.0188925
0.0034317 0.0014977 0.6901542 0.0017641 0.0021070 0.2604533 0.0405920
0.0333564 0.0018339 0.6917403 0.0022804 0.0025898 0.2612967 0.0069026
0.0217673 0.0016438 0.7048120 0.0019978 0.0023393 0.2663020 0.0011378
0.0134504 0.0007304 0.7029977 0.0005866 0.0009361 0.2653099 0.0159888
0.0690556 0.0001000 0.6762986 0.0001000 0.0001000 0.2542460 0.0001000
0.0065852 0.0025935 0.7109789 0.0035090 0.0038087 0.2686705 0.0038541
0.0161786 0.0001000 0.6718598 0.0001000 0.0001000 0.2513831 0.0602785
0.0055484 0.0001000 0.7061997 0.0001000 0.0001000 0.2658716 0.0220803
0.0000999 0.0020142 0.6988525 0.0023070 0.0035353 0.2610730 0.0321181
0.0113328 0.0007144 0.7129829 0.0005891 0.0009646 0.2691945 0.0042215
0.0093909 0.0050459 0.6904029 0.0072480 0.0074106 0.2609243 0.0195774
0.0000999 0.0004573 0.7099068 0.0000999 0.0014646 0.2639813 0.0239901
0.0123329 0.0001000 0.7065817 0.0001000 0.0001000 0.2657838 0.0150016
0.0161066 0.0017015 0.7090907 0.0020365 0.0024108 0.2685539 0.0001000
0.0065223 0.0015496 0.7016331 0.0018625 0.0021964 0.2648550 0.0213811
0.0236702 0.0003080 0.6988672 0.0001000 0.0002864 0.2637386 0.0130296
0.0190069 0.2455309 0.0000998 0.3763941 0.3587686 0.0000998 0.0000998
0.0180714 0.2387019 0.0196944 0.3664016 0.3492238 0.0074961 0.0004108
0.0007487 0.2451817 0.0001000 0.3763334 0.3579870 0.0001000 0.0195492
0.9878320 0.0011242 0.0021216 0.0022259 0.0017910 0.0001000 0.0048053
0.0181902 0.0003475 0.0001000 0.0006012 0.0004752 0.0001000 0.9801859
0.0001004 0.2484222 0.0001000 0.3810117 0.3631485 0.0001000 0.0071172
0.0000999 0.2480445 0.0026197 0.3799905 0.3633502 0.0000999 0.0057952
0.0000997 0.2456880 0.0127926 0.3760168 0.3595534 0.0057497 0.0000997
0.0071589 0.2449833 0.0052395 0.3759353 0.3583495 0.0021069 0.0062266
0.0001000 0.2456941 0.0122405 0.3768727 0.3594669 0.0045388 0.0010870
0.0031315 0.2437299 0.0039998 0.3740656 0.3565453 0.0016571 0.0168707
0.0001000 0.2467197 0.0001000 0.3784384 0.3609033 0.0001000 0.0136387
0.0001000 0.2478443 0.0001000 0.3799509 0.3627463 0.0001000 0.0091585
0.0068110 0.2465419 0.0050219 0.3780046 0.3604487 0.0030721 0.0000999
0.0057982 0.2472614 0.0021508 0.3792910 0.3616141 0.0009604 0.0029242
0.0045230 0.2469458 0.0001000 0.3789268 0.3606173 0.0001000 0.0087873
0.0098372 0.2450185 0.0001000 0.3760320 0.3582441 0.0001000 0.0106683
0.0000996 0.2466557 0.0104821 0.3770840 0.3611782 0.0044007 0.0000996
0.0000999 0.2490783 0.0000999 0.3817092 0.3642214 0.0000999 0.0046913
0.0000999 0.2457523 0.0030014 0.3766740 0.3600500 0.0000999 0.0143226
0.0064925 0.2475407 0.0020976 0.3793122 0.3617705 0.0026866 0.0000998
0.0055760 0.2484882 0.0008511 0.3810245 0.3633349 0.0006252 0.0001000
0.0209353 0.2453646 0.0000995 0.3753987 0.3580028 0.0000995 0.0000995
0.0087778 0.2481087 0.0000999 0.3805586 0.3622550 0.0000999 0.0000999
0.0093685 0.2463034 0.0001000 0.3779304 0.3601001 0.0001000 0.0060977
0.0000999 0.2462796 0.0032564 0.3775763 0.3606501 0.0001024 0.0120353
0.0121076 0.2471716 0.0001000 0.3791616 0.3612593 0.0001000 0.0001000
0.0000999 0.2476396 0.0094868 0.3790719 0.3631331 0.0004566 0.0001121
0.0001000 0.2475136 0.0083198 0.3793667 0.3623100 0.0022900 0.0001000
0.0154858 0.2461554 0.0001000 0.3776851 0.3599389 0.0001000 0.0005349
0.0077525 0.2483146 0.0001000 0.3808448 0.3627881 0.0001000 0.0001000
0.0107661 0.2476405 0.0000999 0.3797331 0.3615606 0.0000999 0.0000999
0.0469610 0.0030010 0.0152580 0.0046509 0.0045950 0.0035171 0.9220172
0.0552593 0.0001000 0.0140274 0.0001000 0.0001000 0.0022587 0.9281546
0.0140809 0.2458574 0.0019092 0.3771197 0.3594936 0.0014393 0.0000999
0.0001000 0.2466196 0.0028742 0.3782165 0.3609357 0.0004790 0.0107752
0.0081289 0.2473810 0.0021096 0.3794291 0.3617486 0.0011028 0.0001000
0.0000999 0.2495765 0.0014180 0.3822902 0.3648117 0.0017039 0.0000999
0.0000998 0.2482573 0.0052214 0.3801365 0.3630438 0.0031414 0.0000998
0.0011715 0.2480006 0.0053724 0.3803101 0.3626965 0.0021793 0.0002696
0.9487100 0.0002241 0.0153542 0.0009615 0.0007136 0.0028119 0.0312247
0.9735500 0.0002453 0.0192002 0.0005321 0.0004184 0.0059541 0.0000999
0.0000998 0.2503979 0.0000998 0.3832950 0.3659078 0.0000998 0.0000998
0.0041869 0.2474191 0.0046734 0.3793710 0.3617752 0.0024743 0.0000999
0.0157674 0.2442530 0.0051243 0.3746718 0.3571618 0.0029217 0.0000999
0.0083884 0.2446039 0.0090998 0.3753430 0.3578001 0.0035664 0.0011984
0.0156942 0.2397942 0.0176018 0.3677331 0.3505912 0.0084856 0.0000998
0.0000999 0.2416271 0.0147391 0.3705775 0.3539248 0.0041313 0.0149003
0.0119303 0.2473102 0.0000999 0.3792481 0.3612117 0.0000999 0.0000999
0.0000997 0.2484849 0.0053046 0.3798039 0.3637636 0.0024437 0.0000997
0.0001000 0.0006618 0.6986091 0.0003660 0.0011181 0.2622998 0.0368453
0.0001000 0.2413242 0.0250551 0.3701962 0.3532479 0.0088908 0.0011858
0.0071626 0.2449855 0.0001000 0.3760334 0.3578115 0.0001000 0.0138070
0.0064930 0.2456745 0.0077035 0.3767114 0.3592059 0.0041119 0.0000999
0.0108743 0.2475061 0.0001000 0.3796618 0.3616579 0.0001000 0.0001000
0.9543998 0.0022558 0.0226573 0.0040103 0.0037466 0.0057361 0.0071939
0.9561182 0.0001000 0.0277626 0.0001000 0.0001000 0.0059437 0.0098755
0.9114492 0.0006521 0.0088635 0.0016279 0.0013898 0.0005696 0.0754479
0.0001000 0.0001000 0.0001000 0.0001000 0.0001000 0.0001000 0.9994003
0.0241780 0.0041570 0.0001000 0.0065194 0.0061145 0.0001000 0.9588311
0.9541245 0.0001000 0.0235142 0.0001000 0.0001000 0.0048764 0.0171850
0.9966471 0.0007437 0.0000997 0.0022094 0.0001006 0.0000997 0.0000997
0.9757993 0.0001000 0.0059243 0.0001000 0.0001000 0.0001000 0.0178764
0.0717048 0.0003040 0.0062618 0.0004766 0.0005989 0.0001000 0.9205539
0.9512717 0.0018446 0.0001000 0.0038260 0.0023519 0.0001000 0.0405058
0.9341781 0.0001913 0.0143131 0.0009146 0.0006781 0.0024089 0.0473158
0.0129241 0.0001000 0.0433616 0.0001000 0.0001000 0.0130429 0.9303713
0.0159642 0.0017988 0.0001000 0.0029578 0.0024390 0.0001000 0.9766402
0.9332612 0.0001000 0.0365681 0.0001000 0.0001000 0.0075290 0.0223417
0.0063391 0.2454614 0.0083089 0.3763416 0.3588660 0.0045832 0.0000999
0.0028768 0.0006371 0.0240796 0.0009065 0.0010351 0.0065497 0.9639153
0.6392012 0.0048310 0.0891773 0.0077608 0.0075241 0.0310815 0.2204241
0.0001000 0.0003351 0.0320172 0.0003638 0.0006254 0.0091769 0.9573816
0.0033749 0.0001000 0.0217650 0.0001000 0.0001000 0.0032477 0.9713125
0.0001000 0.0013364 0.0029299 0.0018313 0.0023943 0.0001000 0.9913082
