0.0109023 0.0120846 0.0032341 0.9737790
0.0066060 0.0222344 0.0001000 0.9710596
0.0048296 0.0460960 0.0001000 0.9489744
0.0620583 0.0218138 0.0001000 0.9160278
0.0072556 0.0028936 0.9787857 0.0110652
0.0420418 0.0000999 0.0000999 0.9577584
0.0498004 0.0000997 0.0081652 0.9419346
0.0267789 0.0051343 0.0070111 0.9610757
0.0423554 0.0000997 0.0018004 0.9557445
0.0275466 0.0478760 0.0004791 0.9240984
0.0057280 0.0000999 0.0129858 0.9811863
0.0269964 0.0108758 0.0025195 0.9596084
0.0282230 0.0039271 0.0116953 0.9561546
0.0169098 0.0000995 0.0025851 0.9804057
0.0096623 0.0332892 0.0001000 0.9569485
0.0000999 0.0180526 0.0053315 0.9765159
0.0000999 0.0722557 0.0031455 0.9244989
0.0204176 0.0332691 0.0001000 0.9462134
0.0001000 0.0069304 0.0040353 0.9889343
0.0275004 0.0203340 0.0059420 0.9462236
0.0001000 0.0157925 0.0068919 0.9772155
0.0382859 0.0043536 0.0040479 0.9533126
0.0407985 0.0000998 0.0079756 0.9511260
0.0188906 0.0189089 0.0001000 0.9621005
0.0087973 0.0000999 0.0025665 0.9885362
0.0298841 0.0114691 0.0113267 0.9473200
0.0208298 0.0091919 0.0001000 0.9698783
0.0315712 0.0255987 0.0001000 0.9427301
0.0410709 0.0000999 0.0053168 0.9535124
0.0001000 0.0024289 0.0208852 0.9765859
0.0242619 0.0001000 0.0071996 0.9684384
0.0108406 0.0018649 0.0017138 0.9855806
0.0455855 0.0219238 0.0028611 0.9296296
0.0055197 0.0450823 0.0037017 0.9456963
0.0104998 0.0054138 0.0129754 0.9711110
0.0282825 0.0313764 0.0001000 0.9402410
0.0000999 0.0124762 0.0081739 0.9792500
0.0000999 0.0272327 0.0056161 0.9670513
0.0163067 0.0235146 0.0001000 0.9600787
0.0343069 0.0320027 0.0027998 0.9308906
0.0101062 0.0134465 0.0025582 0.9738891
0.0001000 0.0401176 0.0001000 0.9596824
0.0525718 0.0196223 0.0001000 0.9277059
0.0034431 0.0409440 0.0053400 0.9502728
0.0332996 0.0072251 0.0067015 0.9527738
0.0216619 0.0014300 0.0059580 0.9709501
0.0133643 0.0163421 0.0022111 0.9680825
0.0692247 0.0001000 0.0001000 0.9305754
0.0065816 0.0040937 0.0098974 0.9794273
0.0156272 0.0612147 0.0001000 0.9230581
0.0054337 0.0225738 0.0001000 0.9718925
0.0000999 0.0327788 0.0077269 0.9593943
0.0112454 0.0045252 0.0022151 0.9820142
0.0093391 0.0198678 0.0197036 0.9510894
0.0000999 0.0248450 0.0016614 0.9733937
0.0121120 0.0155842 0.0001000 0.9722039
0.0161439 0.0001000 0.0061514 0.9776047
0.0065006 0.0216887 0.0055892 0.9662215
0.0235893 0.0134169 0.0006481 0.9623457
0.0191321 0.0000998 0.9806682 0.0000998
0.0182659 0.0005805 0.9542917 0.0268619
0.0009233 0.0197291 0.9792477 0.0000999
0.9881828 0.0052192 0.0052715 0.0013265
0.0184231 0.9799640 0.0015128 0.0001000
0.0001265 0.0073262 0.9924473 0.0001000
0.0000999 0.0062346 0.9912915 0.0023739
0.0000997 0.0000997 0.9814193 0.0183812
0.0072381 0.0063213 0.9792356 0.0072049
0.0001000 0.0012603 0.9821156 0.0165240
0.0032548 0.0168862 0.9743207 0.0055383
0.0001000 0.0138379 0.9859622 0.0001000
0.0001000 0.0093514 0.9904487 0.0001000
0.0069661 0.0000999 0.9849441 0.0079899
0.0058928 0.0030180 0.9880617 0.0030275
0.0046881 0.0089189 0.9862931 0.0001000
0.0099327 0.0107701 0.9791972 0.0001000
0.0000997 0.0000997 0.9850740 0.0147267
0.0000999 0.0049932 0.9948069 0.0000999
0.0000999 0.0146259 0.9825010 0.0027732
0.0067038 0.0000998 0.9884955 0.0047009
0.0057422 0.0001000 0.9927424 0.0014154
0.0209910 0.0000995 0.9788099 0.0000995
0.0089375 0.0001000 0.9908627 0.0001000
0.0094625 0.0062212 0.9842164 0.0001000
0.0001000 0.0122452 0.9844433 0.0032115
0.0122675 0.0001000 0.9875326 0.0001000
0.0000999 0.0006009 0.9898011 0.0094981
0.0001000 0.0002135 0.9892194 0.0104671
0.0155588 0.0006524 0.9836888 0.0001000
0.0079322 0.0001000 0.9918678 0.0001000
0.0109258 0.0000999 0.9888744 0.0000999
0.0471862 0.9226549 0.0120901 0.0180688
0.0553461 0.9289319 0.0001000 0.0156221
0.0142240 0.0000999 0.9824187 0.0032573
0.0001000 0.0109427 0.9856831 0.0032743
0.0082713 0.0001000 0.9884757 0.0031530
0.0000999 0.0000999 0.9966125 0.0031877
0.0000998 0.0000998 0.9913923 0.0084080
0.0011615 0.0004994 0.9908837 0.0074554
0.9487164 0.0317906 0.0017862 0.0177069
0.9736865 0.0000999 0.0012713 0.0249423
0.0005039 0.0000999 0.9992962 0.0000999
0.0043400 0.0000999 0.9884849 0.0070751
0.0159049 0.0000999 0.9760737 0.0079215
0.0084625 0.0013054 0.9777741 0.0124580
0.0159700 0.0000998 0.9581069 0.0258233
0.0001000 0.0152323 0.9661769 0.0184908
0.0120886 0.0000999 0.9877116 0.0000999
0.0000997 0.0000997 0.9920310 0.0077697
0.0001000 0.0373830 0.0020105 0.9605064
0.0001000 0.0014421 0.9648076 0.0336503
0.0073069 0.0139275 0.9786656 0.0001000
0.0066502 0.0000999 0.9815872 0.0116627
0.0110372 0.0001000 0.9887629 0.0001000
0.9543844 0.0077573 0.0098572 0.0280011
0.9557898 0.0107493 0.0001000 0.0333609
0.9114978 0.0760053 0.0035352 0.0089617
0.0001000 0.9997001 0.0001000 0.0001000
0.0244306 0.9587779 0.0166915 0.0001000
0.9539235 0.0179456 0.0001000 0.0280309
0.9966235 0.0000997 0.0031771 0.0000997
0.9759983 0.0184353 0.0001000 0.0054664
0.0717091 0.9211527 0.0012847 0.0058534
0.9513416 0.0405731 0.0079853 0.0001000
0.9341813 0.0478855 0.0016678 0.0162655
0.0128574 0.9311967 0.0001000 0.0558458
0.0161129 0.9765779 0.0072092 0.0001000
0.9326718 0.0234479 0.0001000 0.0437803
0.0065076 0.0000999 0.9806646 0.0127279
0.0027343 0.9647573 0.0024731 0.0300353
0.6390975 0.2210877 0.0198984 0.1199163
0.0001000 0.9582079 0.0011178 0.0405743
0.0027819 0.9725447 0.0001000 0.0245734
0.0001000 0.9920240 0.0056847 0.0021913
