0.0011465 0.3478824 0.0108322 0.3001955 0.0001095 0.0014930 0.0006488 0.3256463 0.0120457
0.0001000 0.3474182 0.0064375 0.2987696 0.0001000 0.0001000 0.0001000 0.3248038 0.0221709
0.0001000 0.3395765 0.0046653 0.2919407 0.0001000 0.0001000 0.0001000 0.3174153 0.0460021
0.0001000 0.3274163 0.0619344 0.2822225 0.0001000 0.0001000 0.0001000 0.3063418 0.0216850
0.3373965 0.0037115 0.0072061 0.0039920 0.0842993 0.3848086 0.1721467 0.0036076 0.0028317
0.0000999 0.3421995 0.0419168 0.2949613 0.0000999 0.0000999 0.0000999 0.3204230 0.0000999
0.0029260 0.3361674 0.0497910 0.2903005 0.0001007 0.0037559 0.0015899 0.3152689 0.0000997
0.0024835 0.3433131 0.0267311 0.2963402 0.0003317 0.0030393 0.0013034 0.3213904 0.0050674
0.0005340 0.3410885 0.0423856 0.2944306 0.0000997 0.0010832 0.0003242 0.3199544 0.0000997
0.0001115 0.3301740 0.0275208 0.2848980 0.0001000 0.0003160 0.0001002 0.3090315 0.0477480
0.0046328 0.3502913 0.0056770 0.3024711 0.0005815 0.0055714 0.0024036 0.3282713 0.0000999
0.0008813 0.3428374 0.0269161 0.2958492 0.0001001 0.0011983 0.0005048 0.3209161 0.0107968
0.0041317 0.3415225 0.0281865 0.2948615 0.0006528 0.0049265 0.0021282 0.3197344 0.0038558
0.0008319 0.3496050 0.0171660 0.3018182 0.0000994 0.0015362 0.0004472 0.3283966 0.0000994
0.0001000 0.3419382 0.0095459 0.2949543 0.0001000 0.0001000 0.0001000 0.3200194 0.0331422
0.0018182 0.3488588 0.0000999 0.3011815 0.0004554 0.0020754 0.0010887 0.3265710 0.0178510
0.0010823 0.3302641 0.0000999 0.2851348 0.0002918 0.0012213 0.0006725 0.3091148 0.0721185
0.0001000 0.3381287 0.0203346 0.2916116 0.0001000 0.0001000 0.0001000 0.3164272 0.0330978
0.0014183 0.3532852 0.0001000 0.3048782 0.0002250 0.0017216 0.0008142 0.3307303 0.0068272
0.0021144 0.3380302 0.0274729 0.2917725 0.0002494 0.0026196 0.0011076 0.3164232 0.0202102
0.0024090 0.3490818 0.0001000 0.3013191 0.0004069 0.0028972 0.0013076 0.3267906 0.0156879
0.0014418 0.3405641 0.0382115 0.2939294 0.0001347 0.0018446 0.0007895 0.3188020 0.0042824
0.0028684 0.3394963 0.0408034 0.2931465 0.0001057 0.0036474 0.0015497 0.3182828 0.0000998
0.0001000 0.3440379 0.0187446 0.2962338 0.0001000 0.0001000 0.0001000 0.3217845 0.0187992
0.0008978 0.3530834 0.0087456 0.3046616 0.0000999 0.0012371 0.0005237 0.3306510 0.0000999
0.0040038 0.3383788 0.0298407 0.2921481 0.0006193 0.0047866 0.0020631 0.3167783 0.0113814
0.0001000 0.3465948 0.0206920 0.2988493 0.0001000 0.0001000 0.0001000 0.3243549 0.0091090
0.0001000 0.3371892 0.0314300 0.2901975 0.0001000 0.0001000 0.0001000 0.3153116 0.0254718
0.0018959 0.3404590 0.0410271 0.2939060 0.0001000 0.0024757 0.0010373 0.3189990 0.0000999
0.0073150 0.3487703 0.0001000 0.3012252 0.0014455 0.0084936 0.0037817 0.3265702 0.0022985
0.0025527 0.3458905 0.0242202 0.2985699 0.0003206 0.0031301 0.0013508 0.3238652 0.0001000
0.0005827 0.3520998 0.0108170 0.3037822 0.0001000 0.0008417 0.0003631 0.3296119 0.0018017
0.0010046 0.3321193 0.0455307 0.2866372 0.0001004 0.0013540 0.0005647 0.3108783 0.0218107
0.0013281 0.3378752 0.0054314 0.2915823 0.0001187 0.0017114 0.0007026 0.3162510 0.0449994
0.0045742 0.3468393 0.0104872 0.2994507 0.0007683 0.0054273 0.0023506 0.3247257 0.0053767
0.0001000 0.3364800 0.0281299 0.2892262 0.0001000 0.0001000 0.0001000 0.3145022 0.0312618
0.0028085 0.3498102 0.0000999 0.3020437 0.0006493 0.0032239 0.0015851 0.3274851 0.0122944
0.0019200 0.3454744 0.0000999 0.2982622 0.0004491 0.0022309 0.0011283 0.3233908 0.0270444
0.0001000 0.3433796 0.0161658 0.2955419 0.0001000 0.0001000 0.0001000 0.3211164 0.0233963
0.0009884 0.3325760 0.0342715 0.2870238 0.0001005 0.0013325 0.0005427 0.3112994 0.0318654
0.0008961 0.3479329 0.0100333 0.3002204 0.0001000 0.0012066 0.0005216 0.3256865 0.0134025
0.0001000 0.3430045 0.0001000 0.2956623 0.0001000 0.0001000 0.0001000 0.3209299 0.0399034
0.0001000 0.3317901 0.0524173 0.2855950 0.0001000 0.0001000 0.0001000 0.3102813 0.0195162
0.0019031 0.3395018 0.0033297 0.2930121 0.0002244 0.0023751 0.0009931 0.3177845 0.0408763
0.0023768 0.3403544 0.0332403 0.2937913 0.0003023 0.0029187 0.0012492 0.3186164 0.0071506
0.0021101 0.3468348 0.0216352 0.2993537 0.0002745 0.0026033 0.0011265 0.3246957 0.0013662
0.0007670 0.3458716 0.0132962 0.2984436 0.0001000 0.0010605 0.0004481 0.3237490 0.0162640
0.0001000 0.3328435 0.0690245 0.2863651 0.0001000 0.0001000 0.0001000 0.3112671 0.0001000
0.0034887 0.3498367 0.0065361 0.3019896 0.0005632 0.0041804 0.0018151 0.3275306 0.0040596
0.0001000 0.3303707 0.0155168 0.2838808 0.0001000 0.0001000 0.0001000 0.3087389 0.0610929
0.0001000 0.3473924 0.0052779 0.2994014 0.0001000 0.0001000 0.0001000 0.3250379 0.0224905
0.0026675 0.3427248 0.0000999 0.2959139 0.0005612 0.0031236 0.0014814 0.3208213 0.0326064
0.0007707 0.3508190 0.0112035 0.3026954 0.0001000 0.0010581 0.0004604 0.3284081 0.0044848
0.0069466 0.3396852 0.0093090 0.2933451 0.0012517 0.0081410 0.0035274 0.3180184 0.0197756
0.0005362 0.3477740 0.0000999 0.3001885 0.0002295 0.0005578 0.0004550 0.3255250 0.0246342
0.0001000 0.3475836 0.0119663 0.2993898 0.0001000 0.0001000 0.0001000 0.3251537 0.0155065
0.0021861 0.3491468 0.0161243 0.3013568 0.0002410 0.0027162 0.0011747 0.3269542 0.0001000
0.0019780 0.3451839 0.0064158 0.2979141 0.0002498 0.0024579 0.0010506 0.3231199 0.0216300
0.0001764 0.3438416 0.0235138 0.2966670 0.0001000 0.0003837 0.0001430 0.3218432 0.0133314
0.3380656 0.0000998 0.0190413 0.0000998 0.0843642 0.3855937 0.1725360 0.0000998 0.0000998
0.3289964 0.0093269 0.0181128 0.0090337 0.0821675 0.3752407 0.1678350 0.0087992 0.0004876
0.3374612 0.0001000 0.0009549 0.0001000 0.0843679 0.3848443 0.1725741 0.0001000 0.0194977
0.0021700 0.0005373 0.9880512 0.0002131 0.0002524 0.0023043 0.0006998 0.0006079 0.0051640
0.0006251 0.0001000 0.0182629 0.0001000 0.0001028 0.0007822 0.0001482 0.0001000 0.9797788
0.3420930 0.0001000 0.0001218 0.0001000 0.0855233 0.3901024 0.1746851 0.0001000 0.0071744
0.3417624 0.0005314 0.0000999 0.0012446 0.0854879 0.3895698 0.1743694 0.0007919 0.0061428
0.3383622 0.0061062 0.0000997 0.0061665 0.0844526 0.3858487 0.1725602 0.0063041 0.0000997
0.3375581 0.0023220 0.0071975 0.0027724 0.0843425 0.3849894 0.1722335 0.0023235 0.0062610
0.3385341 0.0056562 0.0001000 0.0056755 0.0845998 0.3860812 0.1727236 0.0054413 0.0011883
0.3358692 0.0017139 0.0031921 0.0022884 0.0839195 0.3830660 0.1713608 0.0017357 0.0168543
0.3398779 0.0001000 0.0001000 0.0001000 0.0849646 0.3875583 0.1734852 0.0001000 0.0137142
0.3414514 0.0001000 0.0001000 0.0001000 0.0853788 0.3892943 0.1742419 0.0001000 0.0092338
0.3395350 0.0025630 0.0069366 0.0028748 0.0847861 0.3872638 0.1732409 0.0026998 0.0000999
0.3406052 0.0008537 0.0058506 0.0013760 0.0851242 0.3884368 0.1738209 0.0009705 0.0029622
0.3399016 0.0001000 0.0046931 0.0001000 0.0849779 0.3876169 0.1737764 0.0001000 0.0087342
0.3375371 0.0001000 0.0098972 0.0001000 0.0843474 0.3849410 0.1723032 0.0001000 0.0106743
0.3396508 0.0047480 0.0000996 0.0050153 0.0847849 0.3872232 0.1731944 0.0051841 0.0000996
0.3429050 0.0000999 0.0000999 0.0000999 0.0857893 0.3908878 0.1752433 0.0000999 0.0047750
0.3387134 0.0006435 0.0000999 0.0014609 0.0847000 0.3861292 0.1727834 0.0008835 0.0145863
0.3407806 0.0013709 0.0066777 0.0017382 0.0850685 0.3886919 0.1738847 0.0016876 0.0000998
0.3422197 0.0002924 0.0056612 0.0007935 0.0855333 0.3902634 0.1746677 0.0004689 0.0001000
0.3374314 0.0000995 0.0209304 0.0000995 0.0840321 0.3849739 0.1722340 0.0000995 0.0000995
0.3414475 0.0000999 0.0088625 0.0000999 0.0853517 0.3893719 0.1745666 0.0000999 0.0000999
0.3392653 0.0001000 0.0094294 0.0001000 0.0847873 0.3869028 0.1731960 0.0001000 0.0061191
0.3393714 0.0008309 0.0000999 0.0015541 0.0848512 0.3869273 0.1731404 0.0010244 0.0122004
0.3403868 0.0001000 0.0121689 0.0001000 0.0850621 0.3881772 0.1738050 0.0001000 0.0001000
0.3412288 0.0030901 0.0000999 0.0035487 0.0853824 0.3888607 0.1740538 0.0032455 0.0004902
0.3410024 0.0034968 0.0001000 0.0037571 0.0852572 0.3888057 0.1739915 0.0034893 0.0001000
0.3391017 0.0001000 0.0155204 0.0001000 0.0847370 0.3867147 0.1730666 0.0001000 0.0005596
0.3418489 0.0001000 0.0078279 0.0001000 0.0854507 0.3898288 0.1746439 0.0001000 0.0001000
0.3407893 0.0000999 0.0108449 0.0000999 0.0851375 0.3886524 0.1741764 0.0000999 0.0000999
0.0044699 0.0066080 0.0468898 0.0057816 0.0007584 0.0052204 0.0018360 0.0060514 0.9223845
0.0001000 0.0058438 0.0550280 0.0047467 0.0001000 0.0001000 0.0001000 0.0053591 0.9286224
0.3386663 0.0008804 0.0141774 0.0014426 0.0845890 0.3862551 0.1728044 0.0010849 0.0000999
0.3397879 0.0008896 0.0001000 0.0015266 0.0849399 0.3874606 0.1733741 0.0010372 0.0108842
0.3407458 0.0008888 0.0082094 0.0013860 0.0851496 0.3886017 0.1738922 0.0010266 0.0001000
0.3435676 0.0008760 0.0000999 0.0012252 0.0858365 0.3918021 0.1753524 0.0011406 0.0000999
0.3417862 0.0026612 0.0000998 0.0029172 0.0853539 0.3897684 0.1743858 0.0029276 0.0000998
0.3415819 0.0024558 0.0012226 0.0027261 0.0853787 0.3895414 0.1743234 0.0024615 0.0003086
0.0008989 0.0064197 0.9485563 0.0052721 0.0001000 0.0008369 0.0001009 0.0060566 0.0317585
0.0005737 0.0088308 0.9736444 0.0073662 0.0000999 0.0006650 0.0000999 0.0086204 0.0000999
0.3445674 0.0000998 0.0000998 0.0000998 0.0860898 0.3928787 0.1759650 0.0000998 0.0000998
0.3407536 0.0022717 0.0042914 0.0025828 0.0851294 0.3886219 0.1738826 0.0023667 0.0000999
0.3364854 0.0025242 0.0158577 0.0029315 0.0840129 0.3837938 0.1716650 0.0026297 0.0000999
0.3370512 0.0042069 0.0084064 0.0044309 0.0842096 0.3844121 0.1719663 0.0040684 0.0012484
0.3303269 0.0088463 0.0158647 0.0085985 0.0823921 0.3768205 0.1684832 0.0085681 0.0000998
0.3330942 0.0062903 0.0001000 0.0064519 0.0832491 0.3798070 0.1698947 0.0060709 0.0150419
0.3404179 0.0000999 0.0120002 0.0000999 0.0850378 0.3882327 0.1739119 0.0000999 0.0000999
0.3420599 0.0022939 0.0000997 0.0027546 0.0854185 0.3899465 0.1744653 0.0028620 0.0000997
0.0006885 0.3431750 0.0001000 0.2961482 0.0001000 0.0009109 0.0004496 0.3212066 0.0372212
0.3326071 0.0116845 0.0001000 0.0111127 0.0831052 0.3793206 0.1696681 0.0110494 0.0013524
0.3372805 0.0001000 0.0073211 0.0001000 0.0843078 0.3846402 0.1724054 0.0001000 0.0137450
0.3383743 0.0038640 0.0066126 0.0040681 0.0844856 0.3859548 0.1726360 0.0039047 0.0000999
0.3407892 0.0001000 0.0109417 0.0001000 0.0851713 0.3886329 0.1740651 0.0001000 0.0001000
0.0039088 0.0100346 0.9542277 0.0084941 0.0004667 0.0042498 0.0014179 0.0094462 0.0077543
0.0001000 0.0121705 0.9556049 0.0096790 0.0001000 0.0001000 0.0001000 0.0114252 0.0107203
0.0016381 0.0033130 0.9113220 0.0026315 0.0001000 0.0016369 0.0003401 0.0030917 0.0759267
0.0000999 0.0000999 0.0000999 0.0000999 0.0000999 0.0000999 0.0000999 0.0000999 0.9992005
0.0060633 0.0001000 0.0242501 0.0001000 0.0011987 0.0069860 0.0026663 0.0001000 0.9585356
0.0001000 0.0101968 0.9537433 0.0081657 0.0001000 0.0001000 0.0001000 0.0095941 0.0178999
0.0011839 0.0000997 0.9964617 0.0000997 0.0003421 0.0010720 0.0005417 0.0000997 0.0000997
0.0001000 0.0020667 0.9757934 0.0013571 0.0001000 0.0001000 0.0001000 0.0020206 0.0183621
0.0005300 0.0022457 0.0715628 0.0018675 0.0001012 0.0007305 0.0001011 0.0019848 0.9208762
0.0031887 0.0001000 0.9511940 0.0001000 0.0005691 0.0032701 0.0011481 0.0001000 0.0403299
0.0008555 0.0059158 0.9340228 0.0048418 0.0001000 0.0007667 0.0001007 0.0055527 0.0478439
0.0001000 0.0201752 0.0125478 0.0171185 0.0001000 0.0001000 0.0001000 0.0187513 0.9310071
0.0026661 0.0001000 0.0160099 0.0001000 0.0005686 0.0030675 0.0011000 0.0001000 0.9762878
0.0001000 0.0161105 0.9324187 0.0125785 0.0001000 0.0001000 0.0001000 0.0150278 0.0234644
0.3380609 0.0042302 0.0064713 0.0043927 0.0843913 0.3856075 0.1724705 0.0042757 0.0000999
0.0009706 0.0108943 0.0026297 0.0093071 0.0001024 0.0012914 0.0002481 0.0101184 0.9644381
0.0074514 0.0427723 0.6389696 0.0371435 0.0011654 0.0083271 0.0031600 0.0400414 0.2209693
0.0004174 0.0146205 0.0001000 0.0125213 0.0001009 0.0006570 0.0001006 0.0136311 0.9578511
0.0001000 0.0092655 0.0026491 0.0068987 0.0001000 0.0001000 0.0001000 0.0085713 0.9722154
0.0020993 0.0007745 0.0001000 0.0007984 0.0004964 0.0023516 0.0008834 0.0007745 0.9917219
