0.0037041 0.9852068 0.0110891
0.0001000 0.9834315 0.0164685
0.0001002 0.9627617 0.0371381
0.0000998 0.9273450 0.0725552
0.9815786 0.0117428 0.0066786
0.0000997 0.9705756 0.0293247
0.0102902 0.9577516 0.0319582
0.0076365 0.9714375 0.0209260
0.0040465 0.9726502 0.0233033
0.0010297 0.9372702 0.0617002
0.0125929 0.9873074 0.0000997
0.0031749 0.9704260 0.0263991
0.0123158 0.9663619 0.0213223
0.0046626 0.9952378 0.0000995
0.0002547 0.9699616 0.0297837
0.0064823 0.9934176 0.0001001
0.0049220 0.9477127 0.0473654
0.0001000 0.9589406 0.0409594
0.0035800 0.9963201 0.0000999
0.0065759 0.9576581 0.0357659
0.0076691 0.9916769 0.0006540
0.0048293 0.9634047 0.0317659
0.0097685 0.9658791 0.0243523
0.0001000 0.9739030 0.0259970
0.0026852 0.9972149 0.0000998
0.0119778 0.9580498 0.0299724
0.0000999 0.9809875 0.0189126
0.0001000 0.9546654 0.0452346
0.0067386 0.9663274 0.0269341
0.0198082 0.9800920 0.0000998
0.0079118 0.9789710 0.0131172
0.0022363 0.9964677 0.0012960
0.0037190 0.9408020 0.0554790
0.0040514 0.9593934 0.0365552
0.0134611 0.9820401 0.0044987
0.0001000 0.9525415 0.0473585
0.0085230 0.9913771 0.0001000
0.0072254 0.9868562 0.0059183
0.0001000 0.9722351 0.0276649
0.0035039 0.9429305 0.0535656
0.0030138 0.9854550 0.0115312
0.0001002 0.9740098 0.0258901
0.0000998 0.9389570 0.0609431
0.0057011 0.9638188 0.0304801
0.0073962 0.9631599 0.0294439
0.0065515 0.9811795 0.0122690
0.0026948 0.9797227 0.0175825
0.0000997 0.9408213 0.0590790
0.0101985 0.9897016 0.0001000
0.0001002 0.9372650 0.0626348
0.0001001 0.9844532 0.0154467
0.0092195 0.9786091 0.0121713
0.0027203 0.9929444 0.0043353
0.0202183 0.9629380 0.0168437
0.0034401 0.9945363 0.0020236
0.0001000 0.9839968 0.0159032
0.0068985 0.9889138 0.0041877
0.0059994 0.9784923 0.0155083
0.0012551 0.9734533 0.0252915
0.9851282 0.0004084 0.0144634
0.9565806 0.0278513 0.0155682
0.9829890 0.0001001 0.0169110
0.0174486 0.0279068 0.9546446
0.0001564 0.0278309 0.9720127
0.9958100 0.0001000 0.0040900
0.9954584 0.0044416 0.0001000
0.9831188 0.0167815 0.0000997
0.9821942 0.0079412 0.0098646
0.9842249 0.0156751 0.0001000
0.9778571 0.0065537 0.0155893
0.9905675 0.0001001 0.0093324
0.9953475 0.0025765 0.0020760
0.9886015 0.0100812 0.0013173
0.9909559 0.0035598 0.0054843
0.9894019 0.0001000 0.0104981
0.9823735 0.0001000 0.0175264
0.9867738 0.0131266 0.0000996
0.9997999 0.0001001 0.0001001
0.9889272 0.0083235 0.0027492
0.9925703 0.0073298 0.0000999
0.9956853 0.0020236 0.0022911
0.9866830 0.0024001 0.0109169
0.9935989 0.0000999 0.0063012
0.9871905 0.0001000 0.0127095
0.9898773 0.0072549 0.0028678
0.9902592 0.0000999 0.0096409
0.9915898 0.0083103 0.0000999
0.9909304 0.0089696 0.0000999
0.9862241 0.0000999 0.0136759
0.9946550 0.0001000 0.0052450
0.9924018 0.0000999 0.0074983
0.0122245 0.0457292 0.9420463
0.0001050 0.0431121 0.9567829
0.9853725 0.0046578 0.0099698
0.9900841 0.0056500 0.0042660
0.9912761 0.0038210 0.0049029
0.9983596 0.0015406 0.0000998
0.9931792 0.0067210 0.0000998
0.9931605 0.0067395 0.0001000
0.0138218 0.0441289 0.9420493
0.0141057 0.0544545 0.9314398
0.9994393 0.0004607 0.0001000
0.9917011 0.0081783 0.0001207
0.9792405 0.0098510 0.0109085
0.9804510 0.0131182 0.0064307
0.9621558 0.0295210 0.0083232
0.9719085 0.0230110 0.0050805
0.9911881 0.0000999 0.0087120
0.9938101 0.0060903 0.0000996
0.0027578 0.9767537 0.0204885
0.9669600 0.0329401 0.0001000
0.9819247 0.0001000 0.0179753
0.9852828 0.0138472 0.0008701
0.9914975 0.0000999 0.0084026
0.0211923 0.0545241 0.9242837
0.0087013 0.0620061 0.9292926
0.0151145 0.0346579 0.9502276
0.0001049 0.0183848 0.9815103
0.0171836 0.0273613 0.9554551
0.0101146 0.0559451 0.9339404
0.0232034 0.0167121 0.9600845
0.0123337 0.0327633 0.9549030
0.0001774 0.0343938 0.9654288
0.0213337 0.0170264 0.9616398
0.0135545 0.0426093 0.9438362
0.0001044 0.0827221 0.9171735
0.0063848 0.0255806 0.9680346
0.0038863 0.0743636 0.9217501
0.9845464 0.0152150 0.0002386
0.0002069 0.0577295 0.9420636
0.0272336 0.1445381 0.8282282
0.0001310 0.0683487 0.9315203
0.0001046 0.0512705 0.9486249
0.0044183 0.0339185 0.9616631
