1.0425104 0.2098456 0.1971377 0.1817008 -0.2744173 0.1931331 0.1981263 0.2056943 0.1938207 0.1893826 0.1933668 0.2081843 0.1962262 0.2173978 0.2101231 0.1975305 0.1977832 0.1915876 0.2053263 0.1893196 0.2039469 0.1870665 0.1934751 0.1963554 0.2033960 0.1912884 0.2039569 0.1967943 0.1978301 0.2026586 0.1965780 0.1962268 0.1867448 0.1966448 0.1963443 0.1893243 0.1849083 0.1979174 0.1875659 0.1822725 0.1925677 0.1980191 0.1875112 0.1946544 0.1835564 0.1883888 0.2041289 0.1861736 0.2010190 0.1954805 0.1985440 0.2052296 0.2070896 0.1721975 0.1967628 0.2064856 0.1891065 0.1952185 0.1967227 -0.2779591 -0.2642453 -0.2815282 0.0276597 0.0404185 -0.2792631 -0.2800823 -0.2765675 -0.2788716 -0.2694666 -0.2720850 -0.2829563 -0.2853529 -0.2830952 -0.2737884 -0.2860040 -0.2751281 -0.2739796 -0.2930310 -0.2724616 -0.2732125 -0.2801045 -0.2796846 -0.2823846 -0.2806673 -0.2756771 -0.2756805 -0.2707130 -0.2732234 -0.2759503 -0.2810899 -0.2835297 0.0382752 0.0406126 -0.2761458 -0.2756568 -0.2805445 -0.2806528 -0.2757204 -0.2768840 0.0357585 0.0379693 -0.2815260 -0.2793232 -0.2697917 -0.2738720 -0.2626494 -0.2630602 -0.2710198 -0.2755247 0.2033872 -0.2585482 -0.2782012 -0.2697201 -0.2787050 0.0340792 0.0377619 0.0308563 0.0368822 0.0280307 0.0506727 0.0264980 0.0310884 0.0414720 0.0321763 0.0356287 0.0443892 0.0429834 0.0480938 -0.2690605 0.0443689 0.0397652 0.0452340 0.0513080 0.0431825
0.2098456 1.0230223 0.1935047 0.1947615 -0.2775711 0.2053269 0.1904692 0.2011426 0.2022554 0.1961833 0.2023163 0.2060147 0.1977879 0.2064292 0.1934703 0.1969178 0.1965642 0.1966801 0.2056163 0.1915529 0.2011621 0.2047096 0.1852266 0.1903525 0.1927816 0.1835930 0.1942611 0.2023664 0.2074332 0.1914438 0.1939014 0.1957550 0.2031030 0.1857562 0.2074816 0.2104234 0.2088527 0.2028028 0.2073310 0.2026263 0.1981805 0.2119234 0.1930688 0.2034976 0.2023118 0.2081909 0.2252513 0.2012465 0.2065552 0.2053166 0.2020446 0.2055158 0.1947758 0.1876321 0.1970361 0.1981884 0.2077803 0.1926800 0.1916920 -0.2885410 -0.2668508 -0.2827042 0.0345895 0.0380979 -0.2900843 -0.2927488 -0.2781532 -0.2799490 -0.2808921 -0.2763175 -0.2886579 -0.2868705 -0.2799253 -0.2756051 -0.2915426 -0.2833903 -0.2829320 -0.2888294 -0.2831671 -0.2814460 -0.2866329 -0.2805618 -0.2952779 -0.2791127 -0.2821378 -0.2831768 -0.2800708 -0.2771383 -0.2848225 -0.2819282 -0.2843087 0.0446198 0.0579038 -0.2828246 -0.2845095 -0.2817683 -0.2912032 -0.2828469 -0.2820954 0.0355135 0.0410346 -0.2928478 -0.2835205 -0.2784113 -0.2805320 -0.2725153 -0.2763408 -0.2875926 -0.2801127 0.2073519 -0.2729779 -0.2844531 -0.2764525 -0.2880124 0.0260356 0.0427922 0.0408395 0.0486820 0.0416534 0.0437778 0.0346570 0.0399515 0.0550694 0.0299622 0.0387965 0.0611366 0.0439062 0.0437775 -0.2776895 0.0484474 0.0584287 0.0572723 0.0376323 0.0465845
0.1971377 0.1935047 1.0585295 0.1727841 -0.2701460 0.1993842 0.1927063 0.1735319 0.1808330 0.1989367 0.2025951 0.1896840 0.1808391 0.2030531 0.1939416 0.1791316 0.1817408 0.1960009 0.1999202 0.1886542 0.1823060 0.1939261 0.1815923 0.1942416 0.2075316 0.1930320 0.1950281 0.1917211 0.1802956 0.1806282 0.1884136 0.2104206 0.2048039 0.1987738 0.2039991 0.2008969 0.1916292 0.1932729 0.2059246 0.1953385 0.1922043 0.2029233 0.2070776 0.1775405 0.1901478 0.1850203 0.1825523 0.2014540 0.1912888 0.2029206 0.2003375 0.1914219 0.1982349 0.1904666 0.2151801 0.2082766 0.1925031 0.1945753 0.1963426 -0.2802882 -0.2690379 -0.2803602 0.0409259 0.0524798 -0.2846864 -0.2784456 -0.2809965 -0.2774152 -0.2788616 -0.2747269 -0.2803867 -0.2780006 -0.2790402 -0.2875542 -0.2841066 -0.2773134 -0.2756141 -0.2914601 -0.2721751 -0.2778380 -0.2898701 -0.2794353 -0.2881100 -0.2774616 -0.2801597 -0.2774286 -0.2846189 -0.2811040 -0.2784821 -0.2865634 -0.2813309 0.0601922 0.0557463 -0.2754419 -0.2794247 -0.2898740 -0.2813935 -0.2740688 -0.2849172 0.0500145 0.0471905 -0.2909544 -0.2823893 -0.2786804 -0.2729931 -0.2743039 -0.2758951 -0.2855381 -0.2841658 0.1905780 -0.2694973 -0.2831613 -0.2766330 -0.2745078 0.0418835 0.0433768 0.0444439 0.0537042 0.0462455 0.0416996 0.0323626 0.0456521 0.0530977 0.0467944 0.0539052 0.0615387 0.0479780 0.0599751 -0.2771430 0.0545076 0.0542080 0.0676280 0.0663494 0.0495576
0.1817008 0.1947615 0.1727841 1.0693481 -0.2670055 0.1947482 0.1917866 0.1949635 0.2016236 0.1851384 0.1820714 0.2005449 0.1832403 0.1948875 0.1842591 0.1862816 0.1861415 0.1787959 0.1901187 0.1889988 0.1952749 0.1877590 0.1824460 0.1965959 0.1917153 0.1818642 0.1839471 0.1912469 0.1958227 0.1913859 0.1923128 0.1939977 0.1809070 0.1782641 0.1870614 0.1768519 0.1971517 0.1855918 0.1903943 0.1912642 0.1952967 0.1893856 0.1854541 0.1964588 0.1800286 0.1945183 0.1853278 0.2021625 0.2012007 0.1919352 0.1866205 0.1784894 0.1929311 0.1786019 0.1887962 0.1916247 0.1875580 0.1936409 0.2005009 -0.2833360 -0.2611133 -0.2707136 0.0595831 0.0540124 -0.2805620 -0.2775361 -0.2629037 -0.2740633 -0.2715205 -0.2671605 -0.2759243 -0.2788748 -0.2754743 -0.2745372 -0.2814729 -0.2736344 -0.2733408 -0.2781844 -0.2731176 -0.2749511 -0.2717691 -0.2768687 -0.2844834 -0.2721080 -0.2772802 -0.2724312 -0.2731105 -0.2763392 -0.2796698 -0.2751960 -0.2770607 0.0527644 0.0581959 -0.2733534 -0.2734559 -0.2807544 -0.2712771 -0.2814290 -0.2736712 0.0554296 0.0576115 -0.2784055 -0.2792316 -0.2671925 -0.2640937 -0.2570186 -0.2632186 -0.2765380 -0.2761834 0.2008565 -0.2621319 -0.2815740 -0.2806649 -0.2710781 0.0577465 0.0621085 0.0495589 0.0560947 0.0493218 0.0588724 0.0440389 0.0511019 0.0535499 0.0423469 0.0556987 0.0654019 0.0472865 0.0584354 -0.2725735 0.0560924 0.0707623 0.0569698 0.0648726 0.0512148
-0.2744173 -0.2775711 -0.2701460 -0.2670055 1.2767092 -0.2749588 -0.2615603 -0.2699422 -0.2670685 -0.2682017 -0.2652365 -0.2646461 -0.2622199 -0.2743351 -0.2675524 -0.2714303 -0.2770959 -0.2742355 -0.2676572 -0.2645967 -0.2655199 -0.2686003 -0.2635823 -0.2722089 -0.2709135 -0.2637751 -0.2712308 -0.2758998 -0.2688704 -0.2600448 -0.2716243 -0.2752679 -0.2699559 -0.2739970 -0.2624002 -0.2773468 -0.2699720 -0.2716628 -0.2758275 -0.2729167 -0.2714987 -0.2697710 -0.2712778 -0.2663713 -0.2620374 -0.2695611 -0.2721685 -0.2758198 -0.2639254 -0.2738091 -0.2710449 -0.2710016 -0.2696252 -0.2589311 -0.2638128 -0.2760994 -0.2726151 -0.2640107 -0.2781391 0.4294040 0.4087709 0.4183676 -0.1933175 -0.2219144 0.4327783 0.4454331 0.4245809 0.4389307 0.4318113 0.4192578 0.4218438 0.4249105 0.4212625 0.4332796 0.4204883 0.4319326 0.4282349 0.4356985 0.4255020 0.4275375 0.4432803 0.4365869 0.4379875 0.4398189 0.4344116 0.4182633 0.4265680 0.4304517 0.4203143 0.4404274 0.4238004 -0.2097175 -0.2159700 0.4238820 0.4272296 0.4141268 0.4440022 0.4257736 0.4313620 -0.1980273 -0.1991567 0.4465878 0.4315220 0.4272312 0.4233211 0.4144278 0.4174882 0.4347000 0.4504137 -0.2723633 0.4211447 0.4245974 0.4265496 0.4351003 -0.1956052 -0.2112719 -0.2038854 -0.2208931 -0.1995116 -0.2099357 -0.1968946 -0.2069210 -0.2180268 -0.1857625 -0.2054130 -0.2251429 -0.2146824 -0.2120630 0.4171400 -0.2057588 -0.1979004 -0.2150866 -0.2266847 -0.2127177
0.1931331 0.2053269 0.1993842 0.1947482 -0.2749588 1.0736643 0.2083547 0.1888866 0.1935134 0.1960441 0.1973507 0.1923159 0.2048061 0.1931346 0.2012374 0.1899355 0.1843780 0.1968941 0.2017406 0.1888077 0.1923140 0.1854790 0.2016695 0.1979398 0.1962090 0.1863154 0.2100001 0.1951786 0.1982817 0.1930737 0.1863350 0.2070826 0.1841897 0.1936256 0.1994784 0.1969950 0.2056971 0.1921352 0.2107191 0.1859327 0.1787194 0.2102422 0.1857117 0.1968179 0.1864412 0.1876203 0.1864727 0.2014946 0.1999502 0.2037525 0.1889686 0.1992703 0.2055175 0.1866511 0.1975965 0.2026046 0.2143312 0.2007081 0.1849744 -0.2815109 -0.2627490 -0.2797046 0.0397162 0.0508479 -0.2868579 -0.2847711 -0.2739834 -0.2782125 -0.2727376 -0.2750135 -0.2813531 -0.2822277 -0.2706179 -0.2818064 -0.2785282 -0.2828870 -0.2713250 -0.2861661 -0.2809236 -0.2772492 -0.2796158 -0.2772698 -0.2878214 -0.2784747 -0.2758453 -0.2824147 -0.2802866 -0.2842468 -0.2821601 -0.2803775 -0.2877354 0.0473894 0.0418244 -0.2827504 -0.2777010 -0.2780312 -0.2816391 -0.2806949 -0.2838092 0.0464937 0.0472639 -0.2844821 -0.2783789 -0.2704717 -0.2677391 -0.2620243 -0.2704273 -0.2768663 -0.2828638 0.1991260 -0.2737928 -0.2789434 -0.2745354 -0.2829148 0.0466197 0.0561274 0.0414150 0.0410104 0.0404963 0.0525543 0.0357846 0.0478991 0.0386072 0.0464793 0.0493277 0.0525435 0.0420504 0.0578055 -0.2724963 0.0446625 0.0552716 0.0439013 0.0487063 0.0430016
0.1981263 0.1904692 0.1927063 0.1917866 -0.2615603 0.2083547 1.0547063 0.1869315 0.1889600 0.1965134 0.1993190 0.1881552 0.1909651 0.1966711 0.1956661 0.1887290 0.1775140 0.1931352 0.1901583 0.2061384 0.1975396 0.1837555 0.1894207 0.1950328 0.1908922 0.1828994 0.1971262 0.1964187 0.1958591 0.1904872 0.2006624 0.1999524 0.1897552 0.1852739 0.1976340 0.1974468 0.1914988 0.1916543 0.1912969 0.1933913 0.1897952 0.1926739 0.1994372 0.1903012 0.1872841 0.1889288 0.1837158 0.1928492 0.1961782 0.1898488 0.1937283 0.1986264 0.2005904 0.1880668 0.1981930 0.1968050 0.1881038 0.2006540 0.1886602 -0.2700469 -0.2545774 -0.2670111 0.0500515 0.0382039 -0.2753015 -0.2631988 -0.2646374 -0.2651061 -0.2659291 -0.2662646 -0.2705488 -0.2726324 -0.2720554 -0.2745760 -0.2708606 -0.2635657 -0.2661591 -0.2761162 -0.2671202 -0.2712250 -0.2726260 -0.2645409 -0.2745702 -0.2682749 -0.2687369 -0.2672634 -0.2690012 -0.2656024 -0.2705801 -0.2764410 -0.2729432 0.0410242 0.0368870 -0.2700184 -0.2705213 -0.2688620 -0.2710776 -0.2681317 -0.2716904 0.0459616 0.0574672 -0.2765777 -0.2672174 -0.2629066 -0.2687032 -0.2584386 -0.2581912 -0.2738276 -0.2740035 0.2010527 -0.2531351 -0.2701492 -0.2630720 -0.2729883 0.0448932 0.0491282 0.0374949 0.0363085 0.0288276 0.0496851 0.0384112 0.0378467 0.0390617 0.0350011 0.0457117 0.0442904 0.0346262 0.0488769 -0.2671259 0.0400025 0.0539723 0.0398128 0.0332237 0.0347154
0.2056943 0.2011426 0.1735319 0.1949635 -0.2699422 0.1888866 0.1869315 1.0337207 0.1897592 0.1900834 0.1956913 0.1932768 0.1844262 0.1946447 0.2019715 0.1934043 0.1952930 0.2108804 0.1994019 0.1797172 0.1995612 0.1848080 0.1899226 0.2086655 0.1879126 0.1937374 0.2018736 0.2018676 0.2018481 0.1899037 0.1941672 0.1997545 0.1704984 0.1894368 0.1964907 0.1846842 0.1982669 0.1906565 0.1883328 0.1778672 0.1867092 0.1870196 0.1785796 0.1969418 0.1847231 0.1883695 0.1992291 0.1796520 0.1983660 0.1867312 0.1924280 0.1911101 0.2035739 0.1745516 0.1872882 0.1777202 0.1934048 0.1989377 0.2018874 -0.2700109 -0.2644461 -0.2710282 0.0325997 0.0394095 -0.2759002 -0.2765694 -0.2680179 -0.2699026 -0.2629485 -0.2635617 -0.2740641 -0.2855845 -0.2763249 -0.2693566 -0.2752660 -0.2713687 -0.2624477 -0.2781364 -0.2695325 -0.2743572 -0.2766247 -0.2758533 -0.2775617 -0.2726299 -0.2702083 -0.2786085 -0.2747014 -0.2713110 -0.2702129 -0.2768949 -0.2726090 0.0403068 0.0420267 -0.2715298 -0.2715792 -0.2739281 -0.2702180 -0.2737802 -0.2738743 0.0396061 0.0380495 -0.2812535 -0.2724137 -0.2680916 -0.2691150 -0.2511023 -0.2657318 -0.2819115 -0.2705499 0.2067054 -0.2613774 -0.2686620 -0.2667073 -0.2744173 0.0403486 0.0468394 0.0351947 0.0487057 0.0311764 0.0450475 0.0328827 0.0272585 0.0414834 0.0215557 0.0404888 0.0560790 0.0402601 0.0484441 -0.2664580 0.0460542 0.0460924 0.0400655 0.0473122 0.0354414
0.1938207 0.2022554 0.1808330 0.2016236 -0.2670685 0.1935134 0.1889600 0.1897592 1.0388372 0.1982002 0.1877937 0.1983898 0.1959329 0.1928847 0.1793706 0.1873161 0.1835224 0.1778904 0.1843270 0.1783291 0.2069492 0.1911587 0.1851213 0.1952975 0.1989641 0.1822461 0.2106435 0.2097713 0.1930595 0.1875856 0.1936684 0.2005281 0.1781033 0.1833030 0.1864975 0.2010403 0.1986878 0.1945276 0.1890691 0.1749865 0.1919822 0.1909833 0.1820698 0.1749422 0.1834231 0.1949148 0.2038091 0.2831602 0.1958855 0.1904174 0.1933223 0.1804682 0.1986138 0.1921229 0.1865958 0.2007683 0.1855460 0.2032089 0.1911610 -0.2769153 -0.2554702 -0.2764680 0.0371074 0.0328620 -0.2777774 -0.2770917 -0.2716906 -0.2794048 -0.2662575 -0.2651844 -0.2709790 -0.2796988 -0.2746073 -0.2759529 -0.2761217 -0.2721355 -0.2678736 -0.2853515 -0.2746717 -0.2786524 -0.2712639 -0.2759084 -0.2776736 -0.2762519 -0.2787815 -0.2802091 -0.2766400 -0.2732371 -0.2733322 -0.2739047 -0.2734489 0.0371672 0.0389087 -0.2739149 -0.2702478 -0.2767899 -0.2790754 -0.2747262 -0.2735833 0.0346454 0.0458091 -0.2825447 -0.2770325 -0.2702890 -0.2708720 -0.2517455 -0.2718702 -0.2798899 -0.2718284 0.1926243 -0.2609619 -0.2731299 -0.2750980 -0.2723688 0.0391616 0.0483297 0.0456533 0.0373610 0.0279319 0.0419785 0.0341472 0.0447596 0.0414850 0.0381547 0.0411852 0.0495899 0.0314312 0.0553906 -0.2673157 0.0436459 0.0584018 0.0417420 0.0428970 0.0387426
0.1893826 0.1961833 0.1989367 0.1851384 -0.2682017 0.1960441 0.1965134 0.1900834 0.1982002 1.0482987 0.1834621 0.1972454 0.1901990 0.1940441 0.1884784 0.1829352 0.1779026 0.1910465 0.1948065 0.1940721 0.2016303 0.1932696 0.1890377 0.1955780 0.1920394 0.1805007 0.1912896 0.1968100 0.1869017 0.1782277 0.1917274 0.2018810 0.1765918 0.1892478 0.1965505 0.1854371 0.2016928 0.1832867 0.1969392 0.1956682 0.1913911 0.1912681 0.1852798 0.1870600 0.1895969 0.1933851 0.1886531 0.1965598 0.1941388 0.1955088 0.1856120 0.1949372 0.1988079 0.1716680 0.1934063 0.2051333 0.1901964 0.1974746 0.1861161 -0.2764803 -0.2569427 -0.2736609 0.0449755 0.0581882 -0.2754194 -0.2741154 -0.2680973 -0.2716123 -0.2710473 -0.2735971 -0.2768402 -0.2779565 -0.2760544 -0.2766639 -0.2734834 -0.2706542 -0.2712952 -0.2820991 -0.2739143 -0.2704850 -0.2766976 -0.2768842 -0.2796592 -0.2705985 -0.2782160 -0.2785619 -0.2716729 -0.2708012 -0.2739673 -0.2776293 -0.2788906 0.0455415 0.0543294 -0.2748007 -0.2719177 -0.2732493 -0.2748178 -0.2771678 -0.2732599 0.0490513 0.0556142 -0.2801009 -0.2724105 -0.2672611 -0.2713708 -0.2610633 -0.2595419 -0.2766164 -0.2752946 0.1945363 -0.2534315 -0.2709619 -0.2693644 -0.2732422 0.0428093 0.0550608 0.0409044 0.0626900 0.0515544 0.0544260 0.0406650 0.0430380 0.0546563 0.0382565 0.0459014 0.0657532 0.0485216 0.0541861 -0.2694725 0.0615258 0.0602160 0.0615037 0.0571898 0.0517115
0.1933668 0.2023163 0.2025951 0.1820714 -0.2652365 0.1973507 0.1993190 0.1956913 0.1877937 0.1834621 1.0350233 0.1908323 0.1936508 0.1991431 0.1897146 0.2025775 0.1838462 0.1983979 0.1971222 0.1911326 0.1902956 0.1963978 0.1931270 0.1857112 0.1939709 0.1922646 0.1944169 0.1891443 0.1901324 0.1837124 0.1913056 0.2073483 0.1937015 0.1855714 0.1869105 0.1888770 0.1972853 0.1918012 0.1856664 0.1785506 0.1911056 0.1942267 0.1836338 0.1793782 0.1922249 0.2010022 0.2088981 0.1982239 0.2101812 0.1942885 0.2004084 0.2052426 0.1986420 0.1972436 0.1999669 0.2033844 0.1977272 0.1946619 0.1916402 -0.2663125 -0.2566602 -0.2704619 0.0276992 0.0300993 -0.2795235 -0.2799484 -0.2670623 -0.2695206 -0.2690881 -0.2648742 -0.2752735 -0.2700322 -0.2695487 -0.2708110 -0.2789198 -0.2688316 -0.2650675 -0.2754668 -0.2669379 -0.2729135 -0.2763675 -0.2703785 -0.2721879 -0.2746998 -0.2680814 -0.2733732 -0.2629023 -0.2660322 -0.2646724 -0.2694585 -0.2750595 0.0299542 0.0279326 -0.2654978 -0.2658143 -0.2634608 -0.2759094 -0.2724514 -0.2701651 0.0247619 0.0363854 -0.2775663 -0.2690948 -0.2633073 -0.2705469 -0.2615566 -0.2635332 -0.2760263 -0.2733689 0.2034136 -0.2527525 -0.2706560 -0.2638107 -0.2651500 0.0243862 0.0384149 0.0300139 0.0334444 0.0229104 0.0375349 0.0221779 0.0241506 0.0350157 0.0173388 0.0306312 0.0401619 0.0313550 0.0407048 -0.2662847 0.0335652 0.0406673 0.0386501 0.0306372 0.0402349
0.2081843 0.2060147 0.1896840 0.2005449 -0.2646461 0.1923159 0.1881552 0.1932768 0.1983898 0.1972454 0.1908323 1.0272106 0.1873491 0.1927470 0.1890229 0.1995869 0.1755556 0.1866455 0.1918077 0.1875322 0.1897061 0.1894106 0.1798064 0.1872781 0.2041174 0.1808969 0.1939696 0.1927079 0.1903812 0.1901252 0.1881325 0.1771831 0.1915057 0.1875478 0.2037051 0.1848202 0.2118332 0.1844183 0.1934816 0.1801513 0.1955839 0.2001923 0.1899121 0.1919403 0.1711758 0.2030585 0.1893610 0.1972580 0.2062057 0.2000296 0.1954495 0.2002080 0.2027364 0.1840710 0.1838665 0.2063304 0.1858453 0.1956138 0.2097203 -0.2770187 -0.2586980 -0.2754762 0.0386160 0.0402318 -0.2816505 -0.2747957 -0.2711504 -0.2668946 -0.2708566 -0.2712742 -0.2766297 -0.2706456 -0.2750326 -0.2716552 -0.2805189 -0.2699651 -0.2688314 -0.2814318 -0.2716666 -0.2782417 -0.2769578 -0.2807482 -0.2815843 -0.2779008 -0.2703981 -0.2736442 -0.2722367 -0.2723432 -0.2735066 -0.2787905 -0.2796163 0.0422805 0.0452943 -0.2729651 -0.2724240 -0.2759417 -0.2834942 -0.2744816 -0.2675160 0.0303198 0.0390747 -0.2761498 -0.2754166 -0.2715361 -0.2733456 -0.2650241 -0.2690200 -0.2805448 -0.2746211 0.1816436 -0.2595778 -0.2711735 -0.2747254 -0.2691155 0.0398983 0.0415310 0.0367939 0.0446180 0.0425336 0.0421957 0.0388402 0.0426192 0.0573884 0.0176320 0.0341806 0.0513873 0.0403982 0.0560272 -0.2711393 0.0460030 0.0598944 0.0473422 0.0526142 0.0348110
0.1962262 0.1977879 0.1808391 0.1832403 -0.2622199 0.2048061 0.1909651 0.1844262 0.1959329 0.1901990 0.1936508 0.1873491 1.0516289 0.1946846 0.1734735 0.2001583 0.1804781 0.1796567 0.1904340 0.1796139 0.1891127 0.1897255 0.1765144 0.1816280 0.1975340 0.1802504 0.1884497 0.1869143 0.1928743 0.1878287 0.1819951 0.1871412 0.1735274 0.1869824 0.1904552 0.2062196 0.2046122 0.1811347 0.1704423 0.1930432 0.1887402 0.1996758 0.1846866 0.1797856 0.1843067 0.1932146 0.1843486 0.1977688 0.2058126 0.1890427 0.1848900 0.2058463 0.1909125 0.1714621 0.1985095 0.1893768 0.2100807 0.1922393 0.1770252 -0.2696681 -0.2536718 -0.2732009 0.0368343 0.0331743 -0.2684314 -0.2721992 -0.2600043 -0.2648268 -0.2711112 -0.2659664 -0.2691431 -0.2723323 -0.2725766 -0.2748192 -0.2685585 -0.2691510 -0.2628912 -0.2776364 -0.2708664 -0.2688765 -0.2641945 -0.2747472 -0.2817406 -0.2633861 -0.2643766 -0.2625103 -0.2640834 -0.2636418 -0.2676824 -0.2707058 -0.2774755 0.0429345 0.0554569 -0.2639514 -0.2674229 -0.2697219 -0.2711513 -0.2689754 -0.2726612 0.0433712 0.0389726 -0.2740018 -0.2711314 -0.2673160 -0.2586018 -0.2517062 -0.2605551 -0.2765810 -0.2602134 0.2011622 -0.2602597 -0.2714879 -0.2585191 -0.2699739 0.0319462 0.0435880 0.0317414 0.0449278 0.0330249 0.0381831 0.0258400 0.0402198 0.0510389 0.0392624 0.0414732 0.0404464 0.0307553 0.0552226 -0.2607939 0.0430376 0.0581722 0.0495226 0.0511347 0.0233489
0.2173978 0.2064292 0.2030531 0.1948875 -0.2743351 0.1931346 0.1966711 0.1946447 0.1928847 0.1940441 0.1991431 0.1927470 0.1946846 1.0383258 0.2038763 0.1942502 0.2093348 0.1885603 0.1940042 0.2178569 0.1979903 0.1945809 0.2127761 0.2010877 0.2025508 0.1971346 0.1843735 0.1996508 0.2038381 0.2044379 0.1986853 0.2149096 0.1921881 0.1900118 0.1964140 0.1906583 0.1978995 0.2020776 0.1962473 0.1871576 0.1840293 0.1836768 0.1861788 0.1859228 0.1879558 0.2011321 0.1889574 0.1841504 0.1961550 0.1928867 0.1967005 0.2117736 0.2070437 0.1915216 0.2070697 0.1878635 0.2210559 0.1911936 0.1948081 -0.2754374 -0.2583550 -0.2843058 0.0247829 0.0282879 -0.2830913 -0.2752423 -0.2733538 -0.2664846 -0.2670515 -0.2748557 -0.2784276 -0.2787084 -0.2762498 -0.2786103 -0.2830126 -0.2773347 -0.2745435 -0.2796794 -0.2806820 -0.2760372 -0.2738145 -0.2695611 -0.2757228 -0.2758357 -0.2714927 -0.2764309 -0.2715746 -0.2732826 -0.2747193 -0.2843818 -0.2788610 0.0240581 0.0333487 -0.2695262 -0.2826309 -0.2805895 -0.2773161 -0.2732561 -0.2777747 0.0390448 0.0328974 -0.2833201 -0.2754856 -0.2697594 -0.2695915 -0.2620735 -0.2644547 -0.2747928 -0.2712221 0.1969441 -0.2673755 -0.2813822 -0.2724654 -0.2750363 0.0328569 0.0368011 0.0324328 0.0255649 0.0240524 0.0451865 0.0219056 0.0297483 0.0339054 0.0263454 0.0359066 0.0458491 0.0237651 0.0542899 -0.2720085 0.0371878 0.0413662 0.0369387 0.0376641 0.0279175
0.2101231 0.1934703 0.1939416 0.1842591 -0.2675524 0.2012374 0.1956661 0.2019715 0.1793706 0.1884784 0.1897146 0.1890229 0.1734735 0.2038763 1.0446752 0.1946459 0.2002089 0.1973289 0.2004801 0.1822912 0.1966620 0.1949704 0.2112843 0.1990930 0.1976778 0.1835636 0.2041433 0.1845605 0.1997472 0.1757692 0.1980184 0.1964480 0.1869136 0.1862908 0.2001332 0.1818801 0.1949361 0.1827189 0.1909593 0.1801775 0.1970344 0.2064911 0.1839654 0.1911245 0.1950284 0.1959891 0.1842340 0.1839220 0.2049084 0.1843051 0.2053705 0.2001495 0.2067281 0.1898987 0.1859096 0.2034159 0.1899813 0.1875000 0.1881505 -0.2755440 -0.2591857 -0.2759186 0.0336010 0.0488634 -0.2837205 -0.2769178 -0.2747400 -0.2719464 -0.2687829 -0.2662305 -0.2770082 -0.2759498 -0.2759813 -0.2840779 -0.2807218 -0.2759055 -0.2749210 -0.2820359 -0.2789221 -0.2808402 -0.2868013 -0.2720577 -0.2796598 -0.2718249 -0.2796026 -0.2787655 -0.2811829 -0.2707282 -0.2737145 -0.2850588 -0.2773174 0.0446096 0.0467242 -0.2756469 -0.2731588 -0.2777419 -0.2777656 -0.2767749 -0.2780836 0.0277144 0.0422433 -0.2858240 -0.2794932 -0.2684242 -0.2682281 -0.2611891 -0.2654140 -0.2813573 -0.2786166 0.2011458 -0.2683909 -0.2812107 -0.2758181 -0.2852061 0.0331654 0.0441977 0.0332577 0.0513208 0.0349707 0.0542146 0.0388987 0.0370345 0.0470585 0.0272421 0.0491129 0.0601718 0.0525512 0.0463903 -0.2686517 0.0579434 0.0464106 0.0484942 0.0642123 0.0429456
0.1975305 0.1969178 0.1791316 0.1862816 -0.2714303 0.1899355 0.1887290 0.1934043 0.1873161 0.1829352 0.2025775 0.1995869 0.2001583 0.1942502 0.1946459 1.0221801 0.1974484 0.1977724 0.2039244 0.1887820 0.1933247 0.1896106 0.2048906 0.1945942 0.1977005 0.2006532 0.1923667 0.1890006 0.1915054 0.2035174 0.2017820 0.1976464 0.1880046 0.1954303 0.1986655 0.1914526 0.1761960 0.2078153 0.1878423 0.1846346 0.2004071 0.1932167 0.1967678 0.1967687 0.1970078 0.2164567 0.2035229 0.1879635 0.2028065 0.1901221 0.2030658 0.1858619 0.2122972 0.1911350 0.1956212 0.2016934 0.2017038 0.1967599 0.1997481 -0.2681462 -0.2614334 -0.2773012 0.0259520 0.0427842 -0.2785316 -0.2778139 -0.2718020 -0.2735687 -0.2661349 -0.2666309 -0.2742480 -0.2766617 -0.2751600 -0.2723542 -0.2818652 -0.2745605 -0.2720335 -0.2795441 -0.2755612 -0.2754332 -0.2733611 -0.2740962 -0.2779551 -0.2778990 -0.2608210 -0.2734034 -0.2701527 -0.2728093 -0.2731380 -0.2785466 -0.2810541 0.0375325 0.0392802 -0.2773390 -0.2788638 -0.2804367 -0.2794859 -0.2742320 -0.2763030 0.0294363 0.0240630 -0.2863884 -0.2752547 -0.2710462 -0.2709840 -0.2627542 -0.2613147 -0.2795568 -0.2742364 0.1908453 -0.2604424 -0.2715058 -0.2775585 -0.2809618 0.0273894 0.0333313 0.0292518 0.0358854 0.0415057 0.0309641 0.0305083 0.0260611 0.0500629 0.0167408 0.0359890 0.0457381 0.0379741 0.0425292 -0.2682704 0.0412776 0.0457186 0.0487740 0.0547542 0.0435939
0.1977832 0.1965642 0.1817408 0.1861415 -0.2770959 0.1843780 0.1775140 0.1952930 0.1835224 0.1779026 0.1838462 0.1755556 0.1804781 0.2093348 0.2002089 0.1974484 1.0287142 0.1988752 0.1930660 0.1765564 0.1856411 0.1782676 0.1859440 0.1935854 0.1986164 0.1867548 0.1851054 0.1760725 0.1849259 0.1685700 0.1886381 0.1924917 0.1765594 0.1746946 0.1883111 0.1948681 0.1934709 0.1826770 0.1768391 0.1799338 0.1883601 0.1976280 0.1796598 0.1799814 0.1966285 0.1767791 0.1927678 0.1739573 0.1857253 0.1875829 0.1871758 0.1900017 0.1803416 0.1857939 0.1793445 0.2028809 0.2041293 0.1848055 0.2026102 -0.2645019 -0.2574528 -0.2748058 0.0314160 0.0600341 -0.2765903 -0.2741436 -0.2688090 -0.2715000 -0.2666117 -0.2666009 -0.2765735 -0.2738976 -0.2730362 -0.2729208 -0.2739785 -0.2747459 -0.2644728 -0.2764918 -0.2700713 -0.2712632 -0.2800258 -0.2756281 -0.2736202 -0.2745477 -0.2713029 -0.2708947 -0.2738549 -0.2686650 -0.2684273 -0.2863891 -0.2754869 0.0512524 0.0717771 -0.2653225 -0.2691782 -0.2741798 -0.2742561 -0.2682468 -0.2766810 0.0390744 0.0375846 -0.2743056 -0.2731321 -0.2657336 -0.2688918 -0.2553865 -0.2568400 -0.2734595 -0.2746706 0.1867545 -0.2607868 -0.2703963 -0.2680070 -0.2736033 0.0378854 0.0513456 0.0343266 0.0596639 0.0554735 0.0452246 0.0329155 0.0370957 0.0649385 0.0311635 0.0379120 0.0635838 0.0554744 0.0392963 -0.2604699 0.0685920 0.0464341 0.0600071 0.0662277 0.0508612
0.1915876 0.1966801 0.1960009 0.1787959 -0.2742355 0.1968941 0.1931352 0.2108804 0.1778904 0.1910465 0.1983979 0.1866455 0.1796567 0.1885603 0.1973289 0.1977724 0.1988752 1.0343106 0.1914919 0.1806280 0.1944325 0.1875035 0.1867713 0.1985009 0.1936221 0.1998588 0.1967907 0.1730282 0.1927566 0.1737630 0.1891890 0.1951962 0.2000167 0.1902787 0.1961744 0.1927087 0.1988501 0.1963408 0.1995988 0.1931950 0.2006095 0.1951359 0.1960741 0.1871090 0.1882272 0.1980417 0.1922950 0.1954370 0.1998817 0.1914167 0.1934029 0.1900614 0.1961743 0.1727389 0.1989382 0.1849841 0.1850583 0.1976415 0.1877895 -0.2790120 -0.2637074 -0.2790537 0.0365021 0.0467618 -0.2811633 -0.2798661 -0.2714047 -0.2683615 -0.2683182 -0.2712688 -0.2730459 -0.2770255 -0.2717109 -0.2795130 -0.2765280 -0.2727173 -0.2697183 -0.2836090 -0.2754762 -0.2751675 -0.2799068 -0.2789505 -0.2760323 -0.2815897 -0.2802435 -0.2746598 -0.2751005 -0.2768981 -0.2783979 -0.2769508 -0.2837048 0.0535327 0.0523755 -0.2749048 -0.2777606 -0.2783182 -0.2777557 -0.2696901 -0.2851689 0.0498796 0.0445109 -0.2837884 -0.2802925 -0.2682032 -0.2737116 -0.2635799 -0.2654735 -0.2824430 -0.2814131 0.1929284 -0.2673057 -0.2761056 -0.2728422 -0.2737260 0.0407824 0.0458891 0.0344697 0.0554938 0.0434848 0.0527376 0.0306666 0.0447221 0.0498523 0.0365637 0.0474956 0.0499678 0.0577075 0.0448708 -0.2683028 0.0557324 0.0504950 0.0567571 0.0570881 0.0514531
0.2053263 0.2056163 0.1999202 0.1901187 -0.2676572 0.2017406 0.1901583 0.1994019 0.1843270 0.1948065 0.1971222 0.1918077 0.1904340 0.1940042 0.2004801 0.2039244 0.1930660 0.1914919 1.0181869 0.2123986 0.2026611 0.1962161 0.1931133 0.1990900 0.1914694 0.1823149 0.2024428 0.2056989 0.2038108 0.1907845 0.1855723 0.1996633 0.1917850 0.2035487 0.1991649 0.1987620 0.1956419 0.2111437 0.1876122 0.1973740 0.2096921 0.1986675 0.1976575 0.1872599 0.1956821 0.2019506 0.2013977 0.1934075 0.1921871 0.1866732 0.2065066 0.1964307 0.2009646 0.1913738 0.1929304 0.1938473 0.1866385 0.1995651 0.2023308 -0.2838990 -0.2607199 -0.2860001 0.0238915 0.0392200 -0.2801816 -0.2762806 -0.2728708 -0.2744700 -0.2703624 -0.2741095 -0.2786804 -0.2749299 -0.2755120 -0.2774316 -0.2774816 -0.2716843 -0.2735665 -0.2828971 -0.2749380 -0.2723690 -0.2785895 -0.2698657 -0.2751231 -0.2726078 -0.2759779 -0.2814713 -0.2747861 -0.2636625 -0.2756331 -0.2799285 -0.2826619 0.0372917 0.0404976 -0.2727995 -0.2766865 -0.2729735 -0.2749417 -0.2757813 -0.2724789 0.0386822 0.0406699 -0.2846763 -0.2728357 -0.2673930 -0.2715561 -0.2586229 -0.2639316 -0.2789847 -0.2835422 0.1942020 -0.2634905 -0.2756015 -0.2742090 -0.2738159 0.0301864 0.0310201 0.0320014 0.0332551 0.0282899 0.0296708 0.0144746 0.0312657 0.0369316 0.0161416 0.0295857 0.0411688 0.0364574 0.0437692 -0.2685844 0.0477422 0.0384231 0.0395858 0.0482631 0.0311676
0.1893196 0.1915529 0.1886542 0.1889988 -0.2645967 0.1888077 0.2061384 0.1797172 0.1783291 0.1940721 0.1911326 0.1875322 0.1796139 0.2178569 0.1822912 0.1887820 0.1765564 0.1806280 0.2123986 1.0439618 0.1929262 0.1859706 0.1758016 0.1877165 0.1790957 0.2046241 0.1715366 0.2053041 0.1829771 0.1919891 0.1764782 0.2016548 0.1906946 0.1979588 0.1867002 0.1840536 0.1820909 0.2012270 0.1995064 0.1980571 0.1879025 0.1844613 0.1922350 0.1938817 0.1914122 0.1885461 0.1906174 0.1913959 0.1996402 0.1853207 0.1877269 0.1697924 0.1781311 0.1966073 0.2038416 0.1942340 0.2001348 0.1986594 0.1890448 -0.2696020 -0.2550325 -0.2760153 0.0419668 0.0404009 -0.2789290 -0.2750269 -0.2705277 -0.2638588 -0.2661000 -0.2747752 -0.2738662 -0.2718641 -0.2719489 -0.2790993 -0.2741594 -0.2740805 -0.2683782 -0.2832550 -0.2683527 -0.2744310 -0.2781629 -0.2728995 -0.2707455 -0.2618314 -0.2703695 -0.2721756 -0.2698129 -0.2729487 -0.2725947 -0.2717055 -0.2725432 0.0423468 0.0516748 -0.2710258 -0.2657736 -0.2760238 -0.2804213 -0.2732147 -0.2729282 0.0359131 0.0433499 -0.2833919 -0.2691525 -0.2727784 -0.2726079 -0.2657347 -0.2670051 -0.2761373 -0.2760007 0.1955035 -0.2585244 -0.2683020 -0.2632276 -0.2728404 0.0346684 0.0420906 0.0447127 0.0402796 0.0385073 0.0459842 0.0294901 0.0390280 0.0424812 0.0366117 0.0365721 0.0445704 0.0437187 0.0481577 -0.2713553 0.0498416 0.0577244 0.0548143 0.0449827 0.0420864
0.2039469 0.2011621 0.1823060 0.1952749 -0.2655199 0.1923140 0.1975396 0.1995612 0.2069492 0.2016303 0.1902956 0.1897061 0.1891127 0.1979903 0.1966620 0.1933247 0.1856411 0.1944325 0.2026611 0.1929262 1.0375971 0.1808270 0.1848741 0.2051010 0.1937131 0.1880700 0.1963802 0.1951912 0.1961322 0.1984125 0.2103906 0.1916711 0.1875864 0.1890172 0.1921077 0.1927848 0.1946141 0.1929565 0.1955992 0.1970863 0.2015733 0.1712838 0.2011701 0.1808200 0.1878481 0.1888769 0.2027263 0.1805796 0.2050086 0.1992775 0.1860610 0.1871335 0.2019258 0.1799923 0.1928945 0.1964753 0.1982134 0.1967296 0.2064158 -0.2661773 -0.2587792 -0.2695504 0.0312470 0.0381011 -0.2783470 -0.2769870 -0.2707423 -0.2771666 -0.2632224 -0.2646952 -0.2761877 -0.2803625 -0.2644775 -0.2740648 -0.2760092 -0.2736958 -0.2717709 -0.2792340 -0.2729830 -0.2696870 -0.2817912 -0.2764819 -0.2825241 -0.2747007 -0.2738230 -0.2769721 -0.2694955 -0.2689787 -0.2726364 -0.2699735 -0.2766813 0.0331278 0.0422773 -0.2725743 -0.2762221 -0.2744780 -0.2758236 -0.2771885 -0.2746008 0.0305758 0.0260806 -0.2808344 -0.2679010 -0.2698700 -0.2686288 -0.2626144 -0.2721233 -0.2787890 -0.2813315 0.2031382 -0.2635759 -0.2735022 -0.2667612 -0.2796955 0.0269546 0.0454477 0.0421154 0.0342115 0.0360978 0.0385710 0.0258866 0.0369686 0.0328405 0.0237263 0.0303712 0.0486399 0.0352505 0.0304061 -0.2606591 0.0512117 0.0384795 0.0599139 0.0505341 0.0392986
0.1870665 0.2047096 0.1939261 0.1877590 -0.2686003 0.1854790 0.1837555 0.1848080 0.1911587 0.1932696 0.1963978 0.1894106 0.1897255 0.1945809 0.1949704 0.1896106 0.1782676 0.1875035 0.1962161 0.1859706 0.1808270 1.0196658 0.1797921 0.1871752 0.1888341 0.1849857 0.1926162 0.1929757 0.1863162 0.1851702 0.2003427 0.1979544 0.1835204 0.1831509 0.1883049 0.1856101 0.2021792 0.1822223 0.1967651 0.1799379 0.1845075 0.1905836 0.1812441 0.1810363 0.1940690 0.2082306 0.1818033 0.1923805 0.1964628 0.1868033 0.2037097 0.1953364 0.1903129 0.1984213 0.1933098 0.1829314 0.1826033 0.1858209 0.1814381 -0.2742056 -0.2527224 -0.2718021 0.0374587 0.0498472 -0.2722672 -0.2652071 -0.2699266 -0.2664242 -0.2719825 -0.2650889 -0.2711002 -0.2723120 -0.2748757 -0.2741665 -0.2778216 -0.2705433 -0.2652952 -0.2793736 -0.2651985 -0.2787458 -0.2758543 -0.2661440 -0.2737898 -0.2679628 -0.2715852 -0.2705449 -0.2748494 -0.2700135 -0.2655926 -0.2768605 -0.2724717 0.0294227 0.0414960 -0.2701667 -0.2661132 -0.2719607 -0.2714736 -0.2671423 -0.2720495 0.0401657 0.0454340 -0.2805440 -0.2694719 -0.2710226 -0.2642821 -0.2531120 -0.2661226 -0.2756293 -0.2740538 0.1915190 -0.2587805 -0.2720868 -0.2708865 -0.2740553 0.0354231 0.0453547 0.0430754 0.0455468 0.0226171 0.0512893 0.0248774 0.0407357 0.0438948 0.0369401 0.0454600 0.0478252 0.0438718 0.0488202 -0.2658280 0.0527309 0.0609222 0.0586081 0.0549425 0.0350196
0.1934751 0.1852266 0.1815923 0.1824460 -0.2635823 0.2016695 0.1894207 0.1899226 0.1851213 0.1890377 0.1931270 0.1798064 0.1765144 0.2127761 0.2112843 0.2048906 0.1859440 0.1867713 0.1931133 0.1758016 0.1848741 0.1797921 1.0231459 0.1936665 0.1952158 0.1903858 0.1921381 0.1888551 0.2009531 0.1849176 0.1836306 0.1884574 0.1715086 0.1804276 0.2030669 0.1794288 0.1885889 0.1929906 0.1803772 0.1741592 0.1946293 0.1979119 0.2038359 0.1847077 0.1881923 0.1791522 0.1856577 0.1877640 0.2016945 0.1865601 0.1896131 0.1926952 0.1873353 0.1715443 0.1798965 0.1959371 0.2050129 0.1968661 0.1992674 -0.2662263 -0.2491088 -0.2723209 0.0353553 0.0353939 -0.2807882 -0.2724347 -0.2583415 -0.2622402 -0.2590457 -0.2645290 -0.2742653 -0.2725725 -0.2750468 -0.2700090 -0.2752349 -0.2673216 -0.2669456 -0.2714159 -0.2782490 -0.2676553 -0.2734988 -0.2716027 -0.2787550 -0.2687443 -0.2668980 -0.2696162 -0.2690904 -0.2667902 -0.2723829 -0.2768729 -0.2736729 0.0364463 0.0422849 -0.2687739 -0.2692205 -0.2691809 -0.2725070 -0.2685767 -0.2690033 0.0410136 0.0396976 -0.2769316 -0.2682174 -0.2654330 -0.2631248 -0.2514181 -0.2582113 -0.2664068 -0.2726574 0.1845285 -0.2633322 -0.2712216 -0.2685958 -0.2733610 0.0487723 0.0500525 0.0326806 0.0392848 0.0329293 0.0528162 0.0384034 0.0383428 0.0353325 0.0387886 0.0370090 0.0516095 0.0379662 0.0450418 -0.2579352 0.0403484 0.0495222 0.0424414 0.0475048 0.0324744
0.1963554 0.1903525 0.1942416 0.1965959 -0.2722089 0.1979398 0.1950328 0.2086655 0.1952975 0.1955780 0.1857112 0.1872781 0.1816280 0.2010877 0.1990930 0.1945942 0.1935854 0.1985009 0.1990900 0.1877165 0.2051010 0.1871752 0.1936665 1.0289220 0.1982514 0.1838971 0.1955010 0.1951334 0.1994645 0.1948633 0.2027078 0.1958042 0.1857725 0.1859975 0.1988832 0.2052744 0.1978575 0.1982629 0.2053710 0.2026579 0.2107887 0.1958051 0.1910822 0.1884593 0.2005513 0.2050084 0.2008209 0.1880096 0.1999098 0.1879694 0.1846756 0.1919079 0.2035169 0.1750797 0.1954455 0.1887255 0.1951005 0.2037814 0.1884628 -0.2775460 -0.2622012 -0.2774002 0.0344514 0.0520521 -0.2793936 -0.2864955 -0.2723964 -0.2753013 -0.2687163 -0.2720227 -0.2864628 -0.2825988 -0.2768437 -0.2765361 -0.2798869 -0.2760976 -0.2740459 -0.2833091 -0.2837954 -0.2815074 -0.2790850 -0.2791457 -0.2883951 -0.2757431 -0.2773518 -0.2784320 -0.2803757 -0.2836092 -0.2796473 -0.2859677 -0.2803648 0.0439266 0.0533150 -0.2737937 -0.2790349 -0.2765852 -0.2790714 -0.2843503 -0.2787982 0.0445619 0.0407121 -0.2858512 -0.2777721 -0.2671197 -0.2764346 -0.2600478 -0.2708072 -0.2870500 -0.2762228 0.1921530 -0.2678098 -0.2733084 -0.2812843 -0.2777590 0.0365662 0.0441047 0.0412541 0.0402976 0.0414621 0.0531995 0.0331300 0.0431457 0.0415409 0.0360668 0.0470780 0.0537252 0.0489905 0.0560666 -0.2758698 0.0435421 0.0480328 0.0608042 0.0550135 0.0520607
0.2033960 0.1927816 0.2075316 0.1917153 -0.2709135 0.1962090 0.1908922 0.1879126 0.1989641 0.1920394 0.1939709 0.2041174 0.1975340 0.2025508 0.1976778 0.1977005 0.1986164 0.1936221 0.1914694 0.1790957 0.1937131 0.1888341 0.1952158 0.1982514 1.0138072 0.2003745 0.2008361 0.1899412 0.2073675 0.1948613 0.1865219 0.2127420 0.1921767 0.1849252 0.1972825 0.1878454 0.1893103 0.1905802 0.1940165 0.1885742 0.1969290 0.1907539 0.1847934 0.1996301 0.2134527 0.2066399 0.1916304 0.1977995 0.1990091 0.1903781 0.1926186 0.1933400 0.1841520 0.1757729 0.1932340 0.2061400 0.1927206 0.1999794 0.2007845 -0.2756867 -0.2565070 -0.2782488 0.0280222 0.0338241 -0.2828125 -0.2816728 -0.2739410 -0.2709726 -0.2694442 -0.2763644 -0.2703627 -0.2778483 -0.2692875 -0.2811790 -0.2782879 -0.2672853 -0.2702877 -0.2796505 -0.2772523 -0.2758454 -0.2775633 -0.2767341 -0.2779878 -0.2835273 -0.2715456 -0.2783039 -0.2718473 -0.2786938 -0.2791680 -0.2794993 -0.2759851 0.0527846 0.0414056 -0.2702325 -0.2809078 -0.2750589 -0.2744665 -0.2740464 -0.2771265 0.0373797 0.0319681 -0.2787707 -0.2765610 -0.2702622 -0.2638043 -0.2603008 -0.2651468 -0.2731982 -0.2683365 0.1993580 -0.2627869 -0.2763263 -0.2713928 -0.2748927 0.0347069 0.0417492 0.0271662 0.0317852 0.0294577 0.0429693 0.0257297 0.0319846 0.0341420 0.0366332 0.0396303 0.0563402 0.0334890 0.0447216 -0.2634734 0.0411167 0.0452392 0.0516359 0.0451122 0.0357521
0.1912884 0.1835930 0.1930320 0.1818642 -0.2637751 0.1863154 0.1828994 0.1937374 0.1822461 0.1805007 0.1922646 0.1808969 0.1802504 0.1971346 0.1835636 0.2006532 0.1867548 0.1998588 0.1823149 0.2046241 0.1880700 0.1849857 0.1903858 0.1838971 0.2003745 1.0082699 0.1881875 0.1767909 0.1841621 0.1920259 0.1876604 0.2016542 0.1790507 0.1970388 0.1838220 0.1839742 0.1800207 0.1853690 0.1733078 0.1985328 0.1810330 0.1891238 0.1914305 0.1826784 0.1814056 0.1751603 0.1933580 0.1885656 0.1956528 0.1764473 0.1829324 0.1825026 0.1848155 0.1840944 0.1985595 0.1899680 0.1974511 0.1925107 0.1780101 -0.2687676 -0.2534977 -0.2692941 0.0381521 0.0368323 -0.2706664 -0.2693126 -0.2617262 -0.2662645 -0.2604102 -0.2575552 -0.2686769 -0.2777479 -0.2634764 -0.2687476 -0.2738357 -0.2661535 -0.2626808 -0.2678178 -0.2681127 -0.2641717 -0.2687726 -0.2666571 -0.2669700 -0.2667423 -0.2608523 -0.2710907 -0.2660821 -0.2696828 -0.2760573 -0.2733974 -0.2756684 0.0448600 0.0422757 -0.2619607 -0.2676169 -0.2710032 -0.2705730 -0.2741043 -0.2697335 0.0340642 0.0439632 -0.2746076 -0.2704618 -0.2656223 -0.2588227 -0.2466751 -0.2587295 -0.2725226 -0.2670832 0.1905184 -0.2561008 -0.2660316 -0.2624962 -0.2698387 0.0330425 0.0478439 0.0377587 0.0353338 0.0385110 0.0390605 0.0450303 0.0429474 0.0485580 0.0282873 0.0444020 0.0544532 0.0317436 0.0418825 -0.2617266 0.0539539 0.0477659 0.0486928 0.0465486 0.0479795
0.2039569 0.1942611 0.1950281 0.1839471 -0.2712308 0.2100001 0.1971262 0.2018736 0.2106435 0.1912896 0.1944169 0.1939696 0.1884497 0.1843735 0.2041433 0.1923667 0.1851054 0.1967907 0.2024428 0.1715366 0.1963802 0.1926162 0.1921381 0.1955010 0.2008361 0.1881875 1.0203305 0.1930325 0.1901041 0.2251851 0.1994823 0.1849522 0.1884912 0.1909131 0.1986620 0.2042790 0.2055870 0.1930162 0.1987115 0.1912078 0.1940179 0.1917621 0.2045841 0.1813843 0.1947485 0.1923379 0.1875425 0.2087142 0.1864666 0.1869395 0.1968734 0.1989529 0.2036386 0.1857579 0.1851463 0.1962951 0.1972759 0.1983120 0.1927221 -0.2751649 -0.2632147 -0.2748206 0.0396542 0.0451897 -0.2886116 -0.2859278 -0.2727085 -0.2719734 -0.2701627 -0.2719205 -0.2717718 -0.2752794 -0.2794731 -0.2749542 -0.2799822 -0.2693426 -0.2716019 -0.2871010 -0.2757977 -0.2786389 -0.2866580 -0.2804464 -0.2839854 -0.2789807 -0.2753823 -0.2813065 -0.2783000 -0.2796893 -0.2791632 -0.2830827 -0.2781625 0.0366899 0.0467576 -0.2753379 -0.2805054 -0.2775072 -0.2797399 -0.2797917 -0.2747297 0.0420653 0.0457755 -0.2853298 -0.2795689 -0.2722510 -0.2779639 -0.2588679 -0.2680437 -0.2825587 -0.2855176 0.1966776 -0.2599449 -0.2796054 -0.2792628 -0.2804416 0.0396110 0.0447807 0.0440060 0.0455147 0.0290015 0.0435093 0.0254854 0.0461564 0.0507672 0.0332001 0.0477060 0.0499151 0.0390917 0.0545413 -0.2720091 0.0455960 0.0546394 0.0483193 0.0557906 0.0536638
0.1967943 0.2023664 0.1917211 0.1912469 -0.2758998 0.1951786 0.1964187 0.2018676 0.2097713 0.1968100 0.1891443 0.1927079 0.1869143 0.1996508 0.1845605 0.1890006 0.1760725 0.1730282 0.2056989 0.2053041 0.1951912 0.1929757 0.1888551 0.1951334 0.1899412 0.1767909 0.1930325 1.0303479 0.1947462 0.1927424 0.1968118 0.1984182 0.1990153 0.2023473 0.1855717 0.1877835 0.1897761 0.1962390 0.1924932 0.1829787 0.2026144 0.1920490 0.1908306 0.1870899 0.1958980 0.1907938 0.2031910 0.1843621 0.1861667 0.1878803 0.2018328 0.1909192 0.1908827 0.1970394 0.2082955 0.1896717 0.2056004 0.1900840 0.1848745 -0.2764952 -0.2668427 -0.2874587 0.0487280 0.0469387 -0.2850679 -0.2816660 -0.2703685 -0.2787631 -0.2752520 -0.2743936 -0.2808743 -0.2833070 -0.2727762 -0.2780696 -0.2794828 -0.2793041 -0.2776914 -0.2870401 -0.2821000 -0.2765017 -0.2851024 -0.2798657 -0.2912176 -0.2780430 -0.2764462 -0.2787603 -0.2761685 -0.2762344 -0.2723601 -0.2789733 -0.2886958 0.0435633 0.0645509 -0.2774574 -0.2773575 -0.2791262 -0.2848672 -0.2839897 -0.2788003 0.0427472 0.0459011 -0.2864374 -0.2794974 -0.2802710 -0.2742461 -0.2669395 -0.2683580 -0.2794322 -0.2798565 0.1921432 -0.2646521 -0.2722446 -0.2804273 -0.2780911 0.0380659 0.0520260 0.0467635 0.0438515 0.0470387 0.0555477 0.0407724 0.0517392 0.0604138 0.0445480 0.0458441 0.0568831 0.0524793 0.0622131 -0.2791902 0.0426436 0.0683440 0.0575044 0.0590467 0.0455642
